4.000000000000000000e+00 -2.600000000000000000e+01 0.000000000000000000e+00
4.000000000000000000e+00 -2.574358974358974450e+01 0.000000000000000000e+00
4.000000000000000000e+00 -2.548717948717948900e+01 0.000000000000000000e+00
4.000000000000000000e+00 -2.523076923076922995e+01 8.253484272121322016e-11
4.000000000000000000e+00 -2.497435897435897445e+01 2.978385578772403015e-09
4.000000000000000000e+00 -2.471794871794871895e+01 2.719451645839686446e-08
4.000000000000000000e+00 -2.446153846153845990e+01 1.766074481567841028e-07
4.000000000000000000e+00 -2.420512820512820440e+01 8.667861976859682725e-07
4.000000000000000000e+00 -2.394871794871794890e+01 3.362014000975061261e-06
4.000000000000000000e+00 -2.369230769230769340e+01 1.063640673903154215e-05
4.000000000000000000e+00 -2.343589743589743790e+01 2.805487872379138596e-05
4.000000000000000000e+00 -2.317948717948717885e+01 6.275094785646622895e-05
4.000000000000000000e+00 -2.292307692307692335e+01 1.211741345031944460e-04
4.000000000000000000e+00 -2.266666666666666785e+01 2.065734100589945884e-04
4.000000000000000000e+00 -2.241025641025640880e+01 3.189431139850535182e-04
4.000000000000000000e+00 -2.215384615384615330e+01 4.571874351647536904e-04
4.000000000000000000e+00 -2.189743589743589780e+01 6.212996178445926148e-04
4.000000000000000000e+00 -2.164102564102564230e+01 8.129358926389882063e-04
4.000000000000000000e+00 -2.138461538461538680e+01 1.035107341168700016e-03
4.000000000000000000e+00 -2.112820512820512775e+01 1.293610656078151167e-03
4.000000000000000000e+00 -2.087179487179487225e+01 1.593258649514758558e-03
4.000000000000000000e+00 -2.061538461538461675e+01 1.948864615918915934e-03
4.000000000000000000e+00 -2.035897435897435770e+01 2.353312070696749435e-03
4.000000000000000000e+00 -2.010256410256410220e+01 2.827495714231033873e-03
4.000000000000000000e+00 -1.984615384615384670e+01 3.397530330848014084e-03
4.000000000000000000e+00 -1.958974358974359120e+01 4.048757381380880919e-03
4.000000000000000000e+00 -1.933333333333333570e+01 4.795789281281779073e-03
4.000000000000000000e+00 -1.907692307692307665e+01 5.669236317491738002e-03
4.000000000000000000e+00 -1.882051282051282115e+01 6.675183853572122170e-03
4.000000000000000000e+00 -1.856410256410256565e+01 7.912604618753184271e-03
4.000000000000000000e+00 -1.830769230769230660e+01 9.285399542753666399e-03
4.000000000000000000e+00 -1.805128205128205110e+01 1.091639013616032064e-02
4.000000000000000000e+00 -1.779487179487179560e+01 1.280447661704088233e-02
4.000000000000000000e+00 -1.753846153846154010e+01 1.502158832511856293e-02
4.000000000000000000e+00 -1.728205128205128460e+01 1.742931937847104137e-02
4.000000000000000000e+00 -1.702564102564102555e+01 2.051694528839332829e-02
4.000000000000000000e+00 -1.676923076923077005e+01 2.385585470991770721e-02
4.000000000000000000e+00 -1.651282051282051455e+01 2.757612084415486317e-02
4.000000000000000000e+00 -1.625641025641025550e+01 3.209072434000485169e-02
4.000000000000000000e+00 -1.600000000000000000e+01 3.740340665673409781e-02
5.000000000000000000e+00 -2.600000000000000000e+01 0.000000000000000000e+00
5.000000000000000000e+00 -2.574358974358974450e+01 4.793655230095748081e-12
5.000000000000000000e+00 -2.548717948717948900e+01 1.226531028750168083e-10
5.000000000000000000e+00 -2.523076923076922995e+01 1.830296416758909029e-09
5.000000000000000000e+00 -2.497435897435897445e+01 1.753109905209758371e-08
5.000000000000000000e+00 -2.471794871794871895e+01 1.157874847517614195e-07
5.000000000000000000e+00 -2.446153846153845990e+01 5.559469569097332056e-07
5.000000000000000000e+00 -2.420512820512820440e+01 2.022991516137560776e-06
5.000000000000000000e+00 -2.394871794871794890e+01 5.786909604656077127e-06
5.000000000000000000e+00 -2.369230769230769340e+01 1.351902914444977314e-05
5.000000000000000000e+00 -2.343589743589743790e+01 2.684163283297685037e-05
5.000000000000000000e+00 -2.317948717948717885e+01 4.705600803982061802e-05
5.000000000000000000e+00 -2.292307692307692335e+01 7.524203078429625023e-05
5.000000000000000000e+00 -2.266666666666666785e+01 1.125264745835296469e-04
5.000000000000000000e+00 -2.241025641025640880e+01 1.602368551703732785e-04
5.000000000000000000e+00 -2.215384615384615330e+01 2.202245698227070969e-04
5.000000000000000000e+00 -2.189743589743589780e+01 2.945917018169818885e-04
5.000000000000000000e+00 -2.164102564102564230e+01 3.867391664624777385e-04
5.000000000000000000e+00 -2.138461538461538680e+01 4.990219782736158606e-04
5.000000000000000000e+00 -2.112820512820512775e+01 6.350777855145947268e-04
5.000000000000000000e+00 -2.087179487179487225e+01 8.037029944735342261e-04
5.000000000000000000e+00 -2.061538461538461675e+01 1.003260668803753657e-03
5.000000000000000000e+00 -2.035897435897435770e+01 1.247154503926515634e-03
5.000000000000000000e+00 -2.010256410256410220e+01 1.545251086952038758e-03
5.000000000000000000e+00 -1.984615384615384670e+01 1.893324993200806803e-03
5.000000000000000000e+00 -1.958974358974359120e+01 2.320606734862159203e-03
5.000000000000000000e+00 -1.933333333333333570e+01 2.804345930605526421e-03
5.000000000000000000e+00 -1.907692307692307665e+01 3.406087615832067116e-03
5.000000000000000000e+00 -1.882051282051282115e+01 4.122341520488342383e-03
5.000000000000000000e+00 -1.856410256410256565e+01 4.959092877777992667e-03
5.000000000000000000e+00 -1.830769230769230660e+01 5.937888635548322844e-03
5.000000000000000000e+00 -1.805128205128205110e+01 7.118570721123562185e-03
5.000000000000000000e+00 -1.779487179487179560e+01 8.559216503099216500e-03
5.000000000000000000e+00 -1.753846153846154010e+01 1.014948913936299796e-02
5.000000000000000000e+00 -1.728205128205128460e+01 1.200889696411951840e-02
5.000000000000000000e+00 -1.702564102564102555e+01 1.422051047812435132e-02
5.000000000000000000e+00 -1.676923076923077005e+01 1.683212258383494364e-02
5.000000000000000000e+00 -1.651282051282051455e+01 1.991314723547812915e-02
5.000000000000000000e+00 -1.625641025641025550e+01 2.355099891909945981e-02
5.000000000000000000e+00 -1.600000000000000000e+01 2.783729863010032252e-02
6.000000000000000000e+00 -2.600000000000000000e+01 1.092036829963172578e-12
6.000000000000000000e+00 -2.574358974358974450e+01 3.223911062506935019e-11
6.000000000000000000e+00 -2.548717948717948900e+01 5.262787417439214534e-10
6.000000000000000000e+00 -2.523076923076922995e+01 5.212581667838588226e-09
6.000000000000000000e+00 -2.497435897435897445e+01 3.374380704008325570e-08
6.000000000000000000e+00 -2.471794871794871895e+01 1.524289999344557646e-07
6.000000000000000000e+00 -2.446153846153845990e+01 5.119728411862307617e-07
6.000000000000000000e+00 -2.420512820512820440e+01 1.359669415492049903e-06
6.000000000000000000e+00 -2.394871794871794890e+01 3.018618722169748933e-06
6.000000000000000000e+00 -2.369230769230769340e+01 5.865050789333682776e-06
6.000000000000000000e+00 -2.343589743589743790e+01 1.032870755037587210e-05
6.000000000000000000e+00 -2.317948717948717885e+01 1.691882756490287290e-05
6.000000000000000000e+00 -2.292307692307692335e+01 2.626405144108781038e-05
6.000000000000000000e+00 -2.266666666666666785e+01 3.901248448412204947e-05
6.000000000000000000e+00 -2.241025641025640880e+01 5.641293679101747435e-05
6.000000000000000000e+00 -2.215384615384615330e+01 7.919471440887338224e-05
6.000000000000000000e+00 -2.189743589743589780e+01 1.089872679146498347e-04
6.000000000000000000e+00 -2.164102564102564230e+01 1.476680162057604170e-04
6.000000000000000000e+00 -2.138461538461538680e+01 1.972684888754890910e-04
6.000000000000000000e+00 -2.112820512820512775e+01 2.599091227771520600e-04
6.000000000000000000e+00 -2.087179487179487225e+01 3.377496043088117940e-04
6.000000000000000000e+00 -2.061538461538461675e+01 4.374981788098975845e-04
6.000000000000000000e+00 -2.035897435897435770e+01 5.611209951795030626e-04
6.000000000000000000e+00 -2.010256410256410220e+01 7.165513258067494765e-04
6.000000000000000000e+00 -1.984615384615384670e+01 9.068484290557147056e-04
6.000000000000000000e+00 -1.958974358974359120e+01 1.142928701670697543e-03
6.000000000000000000e+00 -1.933333333333333570e+01 1.431319066926257412e-03
6.000000000000000000e+00 -1.907692307692307665e+01 1.777685509167992043e-03
6.000000000000000000e+00 -1.882051282051282115e+01 2.197588951676252012e-03
6.000000000000000000e+00 -1.856410256410256565e+01 2.735109802190163579e-03
6.000000000000000000e+00 -1.830769230769230660e+01 3.371739579025833256e-03
6.000000000000000000e+00 -1.805128205128205110e+01 4.128745379679761227e-03
6.000000000000000000e+00 -1.779487179487179560e+01 5.040415507217633692e-03
6.000000000000000000e+00 -1.753846153846154010e+01 6.137554055780576265e-03
6.000000000000000000e+00 -1.728205128205128460e+01 7.446326878439797972e-03
6.000000000000000000e+00 -1.702564102564102555e+01 8.984414265961252616e-03
6.000000000000000000e+00 -1.676923076923077005e+01 1.077805254457869961e-02
6.000000000000000000e+00 -1.651282051282051455e+01 1.290949045791991989e-02
6.000000000000000000e+00 -1.625641025641025550e+01 1.551636101356824310e-02
6.000000000000000000e+00 -1.600000000000000000e+01 1.870123093699027628e-02
7.000000000000000000e+00 -2.600000000000000000e+01 3.654226825212499443e-12
7.000000000000000000e+00 -2.574358974358974450e+01 6.445686414945476240e-11
7.000000000000000000e+00 -2.548717948717948900e+01 6.495235304001287225e-10
7.000000000000000000e+00 -2.523076923076922995e+01 4.133101826176463715e-09
7.000000000000000000e+00 -2.497435897435897445e+01 1.824131147236218452e-08
7.000000000000000000e+00 -2.471794871794871895e+01 6.073679893064889484e-08
7.000000000000000000e+00 -2.446153846153845990e+01 1.636327443104106203e-07
7.000000000000000000e+00 -2.420512820512820440e+01 3.767383838698490317e-07
7.000000000000000000e+00 -2.394871794871794890e+01 7.708798761928225556e-07
7.000000000000000000e+00 -2.369230769230769340e+01 1.446070759086355146e-06
7.000000000000000000e+00 -2.343589743589743790e+01 2.535682111864081325e-06
7.000000000000000000e+00 -2.317948717948717885e+01 4.216765706867265937e-06
7.000000000000000000e+00 -2.292307692307692335e+01 6.724288542160454597e-06
7.000000000000000000e+00 -2.266666666666666785e+01 1.036752628823205729e-05
7.000000000000000000e+00 -2.241025641025640880e+01 1.559428716436843260e-05
7.000000000000000000e+00 -2.215384615384615330e+01 2.289979548652828475e-05
7.000000000000000000e+00 -2.189743589743589780e+01 3.282009134506759881e-05
7.000000000000000000e+00 -2.164102564102564230e+01 4.638846766908202596e-05
7.000000000000000000e+00 -2.138461538461538680e+01 6.495311459414187388e-05
7.000000000000000000e+00 -2.112820512820512775e+01 8.877521067688005137e-05
7.000000000000000000e+00 -2.087179487179487225e+01 1.211442456737905058e-04
7.000000000000000000e+00 -2.061538461538461675e+01 1.627271546024687283e-04
7.000000000000000000e+00 -2.035897435897435770e+01 2.163499859522488925e-04
7.000000000000000000e+00 -2.010256410256410220e+01 2.867063761926869894e-04
7.000000000000000000e+00 -1.984615384615384670e+01 3.748801579374344680e-04
7.000000000000000000e+00 -1.958974358974359120e+01 4.917412710663687531e-04
7.000000000000000000e+00 -1.933333333333333570e+01 6.323643291758431102e-04
7.000000000000000000e+00 -1.907692307692307665e+01 8.086707590420722999e-04
7.000000000000000000e+00 -1.882051282051282115e+01 1.031519675280345586e-03
7.000000000000000000e+00 -1.856410256410256565e+01 1.311174310603033331e-03
7.000000000000000000e+00 -1.830769230769230660e+01 1.661379676570810598e-03
7.000000000000000000e+00 -1.805128205128205110e+01 2.099535534277078338e-03
7.000000000000000000e+00 -1.779487179487179560e+01 2.640071552216525889e-03
7.000000000000000000e+00 -1.753846153846154010e+01 3.287284846713884896e-03
7.000000000000000000e+00 -1.728205128205128460e+01 4.053528726325573289e-03
7.000000000000000000e+00 -1.702564102564102555e+01 4.992523727008830320e-03
7.000000000000000000e+00 -1.676923076923077005e+01 6.184910256111781149e-03
7.000000000000000000e+00 -1.651282051282051455e+01 7.655090962531924635e-03
7.000000000000000000e+00 -1.625641025641025550e+01 9.355286598386726438e-03
7.000000000000000000e+00 -1.600000000000000000e+01 1.132707100726530400e-02
8.000000000000000000e+00 -2.600000000000000000e+01 3.104308921601959727e-12
8.000000000000000000e+00 -2.574358974358974450e+01 3.309158779947665751e-11
8.000000000000000000e+00 -2.548717948717948900e+01 2.212780340573528003e-10
8.000000000000000000e+00 -2.523076923076922995e+01 1.036940714833844561e-09
8.000000000000000000e+00 -2.497435897435897445e+01 3.722515529931890182e-09
8.000000000000000000e+00 -2.471794871794871895e+01 1.095496964259116717e-08
8.000000000000000000e+00 -2.446153846153845990e+01 2.775908773300793141e-08
8.000000000000000000e+00 -2.420512820512820440e+01 6.266984414215716359e-08
8.000000000000000000e+00 -2.394871794871794890e+01 1.296987767233086813e-07
8.000000000000000000e+00 -2.369230769230769340e+01 2.505229185489158829e-07
8.000000000000000000e+00 -2.343589743589743790e+01 4.584145021647613673e-07
8.000000000000000000e+00 -2.317948717948717885e+01 8.002186029566034477e-07
8.000000000000000000e+00 -2.292307692307692335e+01 1.348734204107091525e-06
8.000000000000000000e+00 -2.266666666666666785e+01 2.192823441601144159e-06
8.000000000000000000e+00 -2.241025641025640880e+01 3.465034348933679278e-06
8.000000000000000000e+00 -2.215384615384615330e+01 5.394496736105954289e-06
8.000000000000000000e+00 -2.189743589743589780e+01 8.176421239424908828e-06
8.000000000000000000e+00 -2.164102564102564230e+01 1.210144400510945460e-05
8.000000000000000000e+00 -2.138461538461538680e+01 1.776350090419239776e-05
8.000000000000000000e+00 -2.112820512820512775e+01 2.568212401486685289e-05
8.000000000000000000e+00 -2.087179487179487225e+01 3.665707030153461822e-05
8.000000000000000000e+00 -2.061538461538461675e+01 5.125043650639617241e-05
8.000000000000000000e+00 -2.035897435897435770e+01 7.167080901137195560e-05
8.000000000000000000e+00 -2.010256410256410220e+01 9.926200471471128672e-05
8.000000000000000000e+00 -1.984615384615384670e+01 1.351155870003398251e-04
8.000000000000000000e+00 -1.958974358974359120e+01 1.824107247217903209e-04
8.000000000000000000e+00 -1.933333333333333570e+01 2.448706234935319284e-04
8.000000000000000000e+00 -1.907692307692307665e+01 3.267030978887519197e-04
8.000000000000000000e+00 -1.882051282051282115e+01 4.319688858836425610e-04
8.000000000000000000e+00 -1.856410256410256565e+01 5.642381964939123962e-04
8.000000000000000000e+00 -1.830769230769230660e+01 7.303621343948238538e-04
8.000000000000000000e+00 -1.805128205128205110e+01 9.466477737351647022e-04
8.000000000000000000e+00 -1.779487179487179560e+01 1.230367331407840412e-03
8.000000000000000000e+00 -1.753846153846154010e+01 1.579973814029260373e-03
8.000000000000000000e+00 -1.728205128205128460e+01 1.996783308413609126e-03
8.000000000000000000e+00 -1.702564102564102555e+01 2.528105324386257981e-03
8.000000000000000000e+00 -1.676923076923077005e+01 3.221798492243606662e-03
8.000000000000000000e+00 -1.651282051282051455e+01 4.057804722455636906e-03
8.000000000000000000e+00 -1.625641025641025550e+01 5.036714204458708939e-03
8.000000000000000000e+00 -1.600000000000000000e+01 6.274528357922777924e-03
9.000000000000000000e+00 -2.600000000000000000e+01 7.000916978436620902e-13
9.000000000000000000e+00 -2.574358974358974450e+01 5.366621128894827019e-12
9.000000000000000000e+00 -2.548717948717948900e+01 2.895121555181098246e-11
9.000000000000000000e+00 -2.523076923076922995e+01 1.200098399153218235e-10
9.000000000000000000e+00 -2.497435897435897445e+01 4.078688636233506230e-10
9.000000000000000000e+00 -2.471794871794871895e+01 1.190086074949143656e-09
9.000000000000000000e+00 -2.446153846153845990e+01 3.081942496754205087e-09
9.000000000000000000e+00 -2.420512820512820440e+01 7.261109775296252558e-09
9.000000000000000000e+00 -2.394871794871794890e+01 1.592845361916628542e-08
9.000000000000000000e+00 -2.369230769230769340e+01 3.266326797452212125e-08
9.000000000000000000e+00 -2.343589743589743790e+01 6.350253927569551783e-08
9.000000000000000000e+00 -2.317948717948717885e+01 1.190953492995214289e-07
9.000000000000000000e+00 -2.292307692307692335e+01 2.132870173527854686e-07
9.000000000000000000e+00 -2.266666666666666785e+01 3.724910160028385151e-07
9.000000000000000000e+00 -2.241025641025640880e+01 6.276896743177638408e-07
9.000000000000000000e+00 -2.215384615384615330e+01 1.041351658037458838e-06
9.000000000000000000e+00 -2.189743589743589780e+01 1.676485251676650500e-06
9.000000000000000000e+00 -2.164102564102564230e+01 2.644154501772840529e-06
9.000000000000000000e+00 -2.138461538461538680e+01 4.100188530583163382e-06
9.000000000000000000e+00 -2.112820512820512775e+01 6.263898018873329592e-06
9.000000000000000000e+00 -2.087179487179487225e+01 9.454511543651646918e-06
9.000000000000000000e+00 -2.061538461538461675e+01 1.391709911021265066e-05
9.000000000000000000e+00 -2.035897435897435770e+01 2.026411532356272579e-05
9.000000000000000000e+00 -2.010256410256410220e+01 2.924294046545165886e-05
9.000000000000000000e+00 -1.984615384615384670e+01 4.183727643468152771e-05
9.000000000000000000e+00 -1.958974358974359120e+01 5.934069512019721313e-05
9.000000000000000000e+00 -1.933333333333333570e+01 8.308864590364151343e-05
9.000000000000000000e+00 -1.907692307692307665e+01 1.143136530072317583e-04
9.000000000000000000e+00 -1.882051282051282115e+01 1.557406880288925090e-04
9.000000000000000000e+00 -1.856410256410256565e+01 2.130202715874860786e-04
9.000000000000000000e+00 -1.830769230769230660e+01 2.896924057375858670e-04
9.000000000000000000e+00 -1.805128205128205110e+01 3.853084864701178825e-04
9.000000000000000000e+00 -1.779487179487179560e+01 5.098965458637767312e-04
9.000000000000000000e+00 -1.753846153846154010e+01 6.802040830955001071e-04
9.000000000000000000e+00 -1.728205128205128460e+01 8.939246472682682142e-04
9.000000000000000000e+00 -1.702564102564102555e+01 1.155365276549860046e-03
9.000000000000000000e+00 -1.676923076923077005e+01 1.504545591353401504e-03
9.000000000000000000e+00 -1.651282051282051455e+01 1.957993289457501691e-03
9.000000000000000000e+00 -1.625641025641025550e+01 2.498407629260726223e-03
9.000000000000000000e+00 -1.600000000000000000e+01 3.173058155657325873e-03
1.000000000000000000e+01 -2.600000000000000000e+01 5.828280200464455346e-14
1.000000000000000000e+01 -2.574358974358974450e+01 3.887425877446648153e-13
1.000000000000000000e+01 -2.548717948717948900e+01 1.975004024271409246e-12
1.000000000000000000e+01 -2.523076923076922995e+01 8.135793601236533707e-12
1.000000000000000000e+01 -2.497435897435897445e+01 2.845997164078236383e-11
1.000000000000000000e+01 -2.471794871794871895e+01 8.753541626082415357e-11
1.000000000000000000e+01 -2.446153846153845990e+01 2.423709685336267263e-10
1.000000000000000000e+01 -2.420512820512820440e+01 6.177776572640854719e-10
1.000000000000000000e+01 -2.394871794871794890e+01 1.467116732002995838e-09
1.000000000000000000e+01 -2.369230769230769340e+01 3.257510302973698116e-09
1.000000000000000000e+01 -2.343589743589743790e+01 6.918032012999823022e-09
1.000000000000000000e+01 -2.317948717948717885e+01 1.392002510677632443e-08
1.000000000000000000e+01 -2.292307692307692335e+01 2.721203947819076452e-08
1.000000000000000000e+01 -2.266666666666666785e+01 5.113909541531543383e-08
1.000000000000000000e+01 -2.241025641025640880e+01 9.323193917306951831e-08
1.000000000000000000e+01 -2.215384615384615330e+01 1.653674794819390275e-07
1.000000000000000000e+01 -2.189743589743589780e+01 2.866119561738801923e-07
1.000000000000000000e+01 -2.164102564102564230e+01 4.820829173925920217e-07
1.000000000000000000e+01 -2.138461538461538680e+01 7.934388275624462052e-07
1.000000000000000000e+01 -2.112820512820512775e+01 1.292154374173034403e-06
1.000000000000000000e+01 -2.087179487179487225e+01 2.061933532478819456e-06
1.000000000000000000e+01 -2.061538461538461675e+01 3.224063552608489517e-06
1.000000000000000000e+01 -2.035897435897435770e+01 4.950937200348469092e-06
1.000000000000000000e+01 -2.010256410256410220e+01 7.507127464751337046e-06
1.000000000000000000e+01 -1.984615384615384670e+01 1.131648159037953547e-05
1.000000000000000000e+01 -1.958974358974359120e+01 1.686702806726278424e-05
1.000000000000000000e+01 -1.933333333333333570e+01 2.452179720427500028e-05
1.000000000000000000e+01 -1.907692307692307665e+01 3.519727087971030662e-05
1.000000000000000000e+01 -1.882051282051282115e+01 5.078292826740636465e-05
1.000000000000000000e+01 -1.856410256410256565e+01 7.204132844188662686e-05
1.000000000000000000e+01 -1.830769230769230660e+01 9.999937797190548575e-05
1.000000000000000000e+01 -1.805128205128205110e+01 1.398369173100295383e-04
1.000000000000000000e+01 -1.779487179487179560e+01 1.936813692349375108e-04
1.000000000000000000e+01 -1.753846153846154010e+01 2.619501858137569025e-04
1.000000000000000000e+01 -1.728205128205128460e+01 3.565546169569306680e-04
1.000000000000000000e+01 -1.702564102564102555e+01 4.838980885995843419e-04
1.000000000000000000e+01 -1.676923076923077005e+01 6.411700456696158099e-04
1.000000000000000000e+01 -1.651282051282051455e+01 8.499020145119101557e-04
1.000000000000000000e+01 -1.625641025641025550e+01 1.133448172059679229e-03
1.000000000000000000e+01 -1.600000000000000000e+01 1.484136269687271479e-03
