4.000000000000000000e+00 -2.600000000000000000e+01 0.000000000000000000e+00
4.000000000000000000e+00 -2.574358974358974450e+01 0.000000000000000000e+00
4.000000000000000000e+00 -2.548717948717948900e+01 0.000000000000000000e+00
4.000000000000000000e+00 -2.523076923076922995e+01 2.150550918929836268e-10
4.000000000000000000e+00 -2.497435897435897445e+01 6.663264292483017411e-09
4.000000000000000000e+00 -2.471794871794871895e+01 5.243820997588938936e-08
4.000000000000000000e+00 -2.446153846153845990e+01 3.011076573384688586e-07
4.000000000000000000e+00 -2.420512820512820440e+01 1.334739610280790589e-06
4.000000000000000000e+00 -2.394871794871794890e+01 4.760307279975859688e-06
4.000000000000000000e+00 -2.369230769230769340e+01 1.406107416144398387e-05
4.000000000000000000e+00 -2.343589743589743790e+01 3.508472828450380103e-05
4.000000000000000000e+00 -2.317948717948717885e+01 7.507293849200367638e-05
4.000000000000000000e+00 -2.292307692307692335e+01 1.399913873130439503e-04
4.000000000000000000e+00 -2.266666666666666785e+01 2.322185602933050973e-04
4.000000000000000000e+00 -2.241025641025640880e+01 3.509541763367546611e-04
4.000000000000000000e+00 -2.215384615384615330e+01 4.946649391152385016e-04
4.000000000000000000e+00 -2.189743589743589780e+01 6.632386973191558904e-04
4.000000000000000000e+00 -2.164102564102564230e+01 8.583785060247641104e-04
4.000000000000000000e+00 -2.138461538461538680e+01 1.083161286436379409e-03
4.000000000000000000e+00 -2.112820512820512775e+01 1.343486793900827746e-03
4.000000000000000000e+00 -2.087179487179487225e+01 1.644125223106726423e-03
4.000000000000000000e+00 -2.061538461538461675e+01 2.000060401430650992e-03
4.000000000000000000e+00 -2.035897435897435770e+01 2.403658106034726495e-03
4.000000000000000000e+00 -2.010256410256410220e+01 2.876022500328628568e-03
4.000000000000000000e+00 -1.984615384615384670e+01 3.443248765797917582e-03
4.000000000000000000e+00 -1.958974358974359120e+01 4.090062718863670191e-03
4.000000000000000000e+00 -1.933333333333333570e+01 4.830927343321632893e-03
4.000000000000000000e+00 -1.907692307692307665e+01 5.696398843987021850e-03
4.000000000000000000e+00 -1.882051282051282115e+01 6.692139844719866698e-03
4.000000000000000000e+00 -1.856410256410256565e+01 7.916921768327773307e-03
4.000000000000000000e+00 -1.830769230769230660e+01 9.274103237627673302e-03
4.000000000000000000e+00 -1.805128205128205110e+01 1.088607329893330825e-02
4.000000000000000000e+00 -1.779487179487179560e+01 1.275127418459430506e-02
4.000000000000000000e+00 -1.753846153846154010e+01 1.494093539423207301e-02
4.000000000000000000e+00 -1.728205128205128460e+01 1.731726814065145947e-02
4.000000000000000000e+00 -1.702564102564102555e+01 2.036606512644777850e-02
4.000000000000000000e+00 -1.676923076923077005e+01 2.366138241671066761e-02
4.000000000000000000e+00 -1.651282051282051455e+01 2.733241359411388988e-02
4.000000000000000000e+00 -1.625641025641025550e+01 3.178845352480689362e-02
4.000000000000000000e+00 -1.600000000000000000e+01 3.703290933105188310e-02
5.000000000000000000e+00 -2.600000000000000000e+01 0.000000000000000000e+00
5.000000000000000000e+00 -2.574358974358974450e+01 1.763185778956560882e-11
5.000000000000000000e+00 -2.548717948717948900e+01 3.608445391991033891e-10
5.000000000000000000e+00 -2.523076923076922995e+01 4.478350453138555358e-09
5.000000000000000000e+00 -2.497435897435897445e+01 3.683788472663226106e-08
5.000000000000000000e+00 -2.471794871794871895e+01 2.146129991777433132e-07
5.000000000000000000e+00 -2.446153846153845990e+01 9.297183358781377822e-07
5.000000000000000000e+00 -2.420512820512820440e+01 3.111574073636570949e-06
5.000000000000000000e+00 -2.394871794871794890e+01 8.320492218736139117e-06
5.000000000000000000e+00 -2.369230769230769340e+01 1.841590440212344216e-05
5.000000000000000000e+00 -2.343589743589743790e+01 3.501700820173618588e-05
5.000000000000000000e+00 -2.317948717948717885e+01 5.928646299226436768e-05
5.000000000000000000e+00 -2.292307692307692335e+01 9.214315064400753767e-05
5.000000000000000000e+00 -2.266666666666666785e+01 1.345988643974996377e-04
5.000000000000000000e+00 -2.241025641025640880e+01 1.879119908004304128e-04
5.000000000000000000e+00 -2.215384615384615330e+01 2.539300973406338475e-04
5.000000000000000000e+00 -2.189743589743589780e+01 3.347387418570936112e-04
5.000000000000000000e+00 -2.164102564102564230e+01 4.338335653221720009e-04
5.000000000000000000e+00 -2.138461538461538680e+01 5.534502339059937850e-04
5.000000000000000000e+00 -2.112820512820512775e+01 6.972069669243146153e-04
5.000000000000000000e+00 -2.087179487179487225e+01 8.742757753924098804e-04
5.000000000000000000e+00 -2.061538461538461675e+01 1.082316887732617718e-03
5.000000000000000000e+00 -2.035897435897435770e+01 1.335299517058373842e-03
5.000000000000000000e+00 -2.010256410256410220e+01 1.643045660048461729e-03
5.000000000000000000e+00 -1.984615384615384670e+01 2.000423410135143167e-03
5.000000000000000000e+00 -1.958974358974359120e+01 2.437615666578961914e-03
5.000000000000000000e+00 -1.933333333333333570e+01 2.929967540057025477e-03
5.000000000000000000e+00 -1.907692307692307665e+01 3.541102610038009222e-03
5.000000000000000000e+00 -1.882051282051282115e+01 4.266183704472157473e-03
5.000000000000000000e+00 -1.856410256410256565e+01 5.110465533110200749e-03
5.000000000000000000e+00 -1.830769230769230660e+01 6.095370163872807813e-03
5.000000000000000000e+00 -1.805128205128205110e+01 7.281025544455397430e-03
5.000000000000000000e+00 -1.779487179487179560e+01 8.725496543115968118e-03
5.000000000000000000e+00 -1.753846153846154010e+01 1.031495922478116445e-02
5.000000000000000000e+00 -1.728205128205128460e+01 1.217017328035286880e-02
5.000000000000000000e+00 -1.702564102564102555e+01 1.437395814940339162e-02
5.000000000000000000e+00 -1.676923076923077005e+01 1.697300976715080539e-02
5.000000000000000000e+00 -1.651282051282051455e+01 2.003567180039286799e-02
5.000000000000000000e+00 -1.625641025641025550e+01 2.364813722480988908e-02
5.000000000000000000e+00 -1.600000000000000000e+01 2.790056438613127548e-02
6.000000000000000000e+00 -2.600000000000000000e+01 4.668932189263986516e-12
6.000000000000000000e+00 -2.574358974358974450e+01 1.091048873992726115e-10
6.000000000000000000e+00 -2.548717948717948900e+01 1.470418608470267376e-09
6.000000000000000000e+00 -2.523076923076922995e+01 1.245292032368667929e-08
6.000000000000000000e+00 -2.497435897435897445e+01 7.098472547540175975e-08
6.000000000000000000e+00 -2.471794871794871895e+01 2.893501506204131419e-07
6.000000000000000000e+00 -2.446153846153845990e+01 8.947222113954073485e-07
6.000000000000000000e+00 -2.420512820512820440e+01 2.222786153197834056e-06
6.000000000000000000e+00 -2.394871794871794890e+01 4.674074581464466148e-06
6.000000000000000000e+00 -2.369230769230769340e+01 8.684021566515661672e-06
6.000000000000000000e+00 -2.343589743589743790e+01 1.473047821398207487e-05
6.000000000000000000e+00 -2.317948717948717885e+01 2.337126498546846057e-05
6.000000000000000000e+00 -2.292307692307692335e+01 3.529360841695215013e-05
6.000000000000000000e+00 -2.266666666666666785e+01 5.117298105485541305e-05
6.000000000000000000e+00 -2.241025641025640880e+01 7.242698334696134085e-05
6.000000000000000000e+00 -2.215384615384615330e+01 9.973892029739979620e-05
6.000000000000000000e+00 -2.189743589743589780e+01 1.348963663349042965e-04
6.000000000000000000e+00 -2.164102564102564230e+01 1.798994559187821584e-04
6.000000000000000000e+00 -2.138461538461538680e+01 2.368572731595894429e-04
6.000000000000000000e+00 -2.112820512820512775e+01 3.079194717446163292e-04
6.000000000000000000e+00 -2.087179487179487225e+01 3.952145760655537804e-04
6.000000000000000000e+00 -2.061538461538461675e+01 5.060804399556245638e-04
6.000000000000000000e+00 -2.035897435897435770e+01 6.421609769519191204e-04
6.000000000000000000e+00 -2.010256410256410220e+01 8.118926610177984796e-04
6.000000000000000000e+00 -1.984615384615384670e+01 1.017942441572531123e-03
6.000000000000000000e+00 -1.958974358974359120e+01 1.271750171119343182e-03
6.000000000000000000e+00 -1.933333333333333570e+01 1.579582878984273119e-03
6.000000000000000000e+00 -1.907692307692307665e+01 1.946794111607008096e-03
6.000000000000000000e+00 -1.882051282051282115e+01 2.389252118242268103e-03
6.000000000000000000e+00 -1.856410256410256565e+01 2.953497853770903608e-03
6.000000000000000000e+00 -1.830769230769230660e+01 3.617776560015655007e-03
6.000000000000000000e+00 -1.805128205128205110e+01 4.403501881661627156e-03
6.000000000000000000e+00 -1.779487179487179560e+01 5.345595240168230650e-03
6.000000000000000000e+00 -1.753846153846154010e+01 6.474757236617466327e-03
6.000000000000000000e+00 -1.728205128205128460e+01 7.816444462439727653e-03
6.000000000000000000e+00 -1.702564102564102555e+01 9.387043168789742029e-03
6.000000000000000000e+00 -1.676923076923077005e+01 1.121184769983951668e-02
6.000000000000000000e+00 -1.651282051282051455e+01 1.337404205172514245e-02
6.000000000000000000e+00 -1.625641025641025550e+01 1.601298954014884063e-02
6.000000000000000000e+00 -1.600000000000000000e+01 1.923042104229984867e-02
7.000000000000000000e+00 -2.600000000000000000e+01 1.497360484972191818e-11
7.000000000000000000e+00 -2.574358974358974450e+01 2.163812142378402462e-10
7.000000000000000000e+00 -2.548717948717948900e+01 1.856705390719678391e-09
7.000000000000000000e+00 -2.523076923076922995e+01 1.038237263851245522e-08
7.000000000000000000e+00 -2.497435897435897445e+01 4.129076450991407893e-08
7.000000000000000000e+00 -2.471794871794871895e+01 1.263349313583987914e-07
7.000000000000000000e+00 -2.446153846153845990e+01 3.174926481371155129e-07
7.000000000000000000e+00 -2.420512820512820440e+01 6.897015316295704566e-07
7.000000000000000000e+00 -2.394871794871794890e+01 1.343276119068851072e-06
7.000000000000000000e+00 -2.369230769230769340e+01 2.414639272067861614e-06
7.000000000000000000e+00 -2.343589743589743790e+01 4.078892113117895664e-06
7.000000000000000000e+00 -2.317948717948717885e+01 6.562001131144448760e-06
7.000000000000000000e+00 -2.292307692307692335e+01 1.015774182542139440e-05
7.000000000000000000e+00 -2.266666666666666785e+01 1.524497554082514344e-05
7.000000000000000000e+00 -2.241025641025640880e+01 2.237358077902922287e-05
7.000000000000000000e+00 -2.215384615384615330e+01 3.212064610745296448e-05
7.000000000000000000e+00 -2.189743589743589780e+01 4.508300540148560290e-05
7.000000000000000000e+00 -2.164102564102564230e+01 6.249457684059944469e-05
7.000000000000000000e+00 -2.138461538461538680e+01 8.593484504826448523e-05
7.000000000000000000e+00 -2.112820512820512775e+01 1.154788657002696160e-04
7.000000000000000000e+00 -2.087179487179487225e+01 1.550930103293516325e-04
7.000000000000000000e+00 -2.061538461538461675e+01 2.052318696644360604e-04
7.000000000000000000e+00 -2.035897435897435770e+01 2.690426890349006321e-04
7.000000000000000000e+00 -2.010256410256410220e+01 3.518270778261376559e-04
7.000000000000000000e+00 -1.984615384615384670e+01 4.542637072523039742e-04
7.000000000000000000e+00 -1.958974358974359120e+01 5.888277291284963952e-04
7.000000000000000000e+00 -1.933333333333333570e+01 7.487346660564810508e-04
7.000000000000000000e+00 -1.907692307692307665e+01 9.473170889725663311e-04
7.000000000000000000e+00 -1.882051282051282115e+01 1.196209134468195637e-03
7.000000000000000000e+00 -1.856410256410256565e+01 1.505999824716428882e-03
7.000000000000000000e+00 -1.830769230769230660e+01 1.890966724778094746e-03
7.000000000000000000e+00 -1.805128205128205110e+01 2.369153152085386529e-03
7.000000000000000000e+00 -1.779487179487179560e+01 2.954846869487842524e-03
7.000000000000000000e+00 -1.753846153846154010e+01 3.650824190848171464e-03
7.000000000000000000e+00 -1.728205128205128460e+01 4.468848343228505604e-03
7.000000000000000000e+00 -1.702564102564102555e+01 5.465829248224549596e-03
7.000000000000000000e+00 -1.676923076923077005e+01 6.726692671182835266e-03
7.000000000000000000e+00 -1.651282051282051455e+01 8.273785218172940298e-03
7.000000000000000000e+00 -1.625641025641025550e+01 1.005174349414865442e-02
7.000000000000000000e+00 -1.600000000000000000e+01 1.210231053131513926e-02
8.000000000000000000e+00 -2.600000000000000000e+01 1.328401302126533183e-11
8.000000000000000000e+00 -2.574358974358974450e+01 1.198068490381393929e-10
8.000000000000000000e+00 -2.548717948717948900e+01 7.001172746986223455e-10
8.000000000000000000e+00 -2.523076923076922995e+01 2.939645482053063939e-09
8.000000000000000000e+00 -2.497435897435897445e+01 9.637081049037749791e-09
8.000000000000000000e+00 -2.471794871794871895e+01 2.627685891015143245e-08
8.000000000000000000e+00 -2.446153846153845990e+01 6.237834177505086710e-08
8.000000000000000000e+00 -2.420512820512820440e+01 1.330720907210347029e-07
8.000000000000000000e+00 -2.394871794871794890e+01 2.619978539293685043e-07
8.000000000000000000e+00 -2.369230769230769340e+01 4.840467476042486367e-07
8.000000000000000000e+00 -2.343589743589743790e+01 8.509117768437715771e-07
8.000000000000000000e+00 -2.317948717948717885e+01 1.432161010523065972e-06
8.000000000000000000e+00 -2.292307692307692335e+01 2.334441765597312210e-06
8.000000000000000000e+00 -2.266666666666666785e+01 3.680142305470725188e-06
8.000000000000000000e+00 -2.241025641025640880e+01 5.651097005169371888e-06
8.000000000000000000e+00 -2.215384615384615330e+01 8.565914242083726038e-06
8.000000000000000000e+00 -2.189743589743589780e+01 1.266317856650749440e-05
8.000000000000000000e+00 -2.164102564102564230e+01 1.830728199755442357e-05
8.000000000000000000e+00 -2.138461538461538680e+01 2.628672534221982883e-05
8.000000000000000000e+00 -2.112820512820512775e+01 3.722043531750294398e-05
8.000000000000000000e+00 -2.087179487179487225e+01 5.208658106472190103e-05
8.000000000000000000e+00 -2.061538461538461675e+01 7.147734092236242341e-05
8.000000000000000000e+00 -2.035897435897435770e+01 9.819852202523947978e-05
8.000000000000000000e+00 -2.010256410256410220e+01 1.337346058988364919e-04
8.000000000000000000e+00 -1.984615384615384670e+01 1.791517884303400645e-04
8.000000000000000000e+00 -1.958974358974359120e+01 2.382079387767072412e-04
8.000000000000000000e+00 -1.933333333333333570e+01 3.151739035872545792e-04
8.000000000000000000e+00 -1.907692307692307665e+01 4.147385016632012134e-04
8.000000000000000000e+00 -1.882051282051282115e+01 5.412094132261081316e-04
8.000000000000000000e+00 -1.856410256410256565e+01 6.981299130313220122e-04
8.000000000000000000e+00 -1.830769230769230660e+01 8.929464914916257576e-04
8.000000000000000000e+00 -1.805128205128205110e+01 1.144269045300616398e-03
8.000000000000000000e+00 -1.779487179487179560e+01 1.471156712461890856e-03
8.000000000000000000e+00 -1.753846153846154010e+01 1.869742102482581858e-03
8.000000000000000000e+00 -1.728205128205128460e+01 2.339795998807107751e-03
8.000000000000000000e+00 -1.702564102564102555e+01 2.934626770934531566e-03
8.000000000000000000e+00 -1.676923076923077005e+01 3.706466781775617173e-03
8.000000000000000000e+00 -1.651282051282051455e+01 4.628538447543710174e-03
8.000000000000000000e+00 -1.625641025641025550e+01 5.698535222172932194e-03
8.000000000000000000e+00 -1.600000000000000000e+01 7.044075431417074276e-03
9.000000000000000000e+00 -2.600000000000000000e+01 3.406646633539264051e-12
9.000000000000000000e+00 -2.574358974358974450e+01 2.257723360503716842e-11
9.000000000000000000e+00 -2.548717948717948900e+01 1.079785582660535252e-10
9.000000000000000000e+00 -2.523076923076922995e+01 4.044677358659838018e-10
9.000000000000000000e+00 -2.497435897435897445e+01 1.260468132374039413e-09
9.000000000000000000e+00 -2.471794871794871895e+01 3.410848077112856551e-09
9.000000000000000000e+00 -2.446153846153845990e+01 8.265767642593026674e-09
9.000000000000000000e+00 -2.420512820512820440e+01 1.835415859265067003e-08
9.000000000000000000e+00 -2.394871794871794890e+01 3.816721223548721797e-08
9.000000000000000000e+00 -2.369230769230769340e+01 7.455183960539659245e-08
9.000000000000000000e+00 -2.343589743589743790e+01 1.386233719187426564e-07
9.000000000000000000e+00 -2.317948717948717885e+01 2.494943505364332145e-07
9.000000000000000000e+00 -2.292307692307692335e+01 4.300772821960103964e-07
9.000000000000000000e+00 -2.266666666666666785e+01 7.247828297724383563e-07
9.000000000000000000e+00 -2.241025641025640880e+01 1.181284876576360822e-06
9.000000000000000000e+00 -2.215384615384615330e+01 1.899196303227083600e-06
9.000000000000000000e+00 -2.189743589743589780e+01 2.968443565000611332e-06
9.000000000000000000e+00 -2.164102564102564230e+01 4.552975175440669437e-06
9.000000000000000000e+00 -2.138461538461538680e+01 6.876354020704199052e-06
9.000000000000000000e+00 -2.112820512820512775e+01 1.024436629408779627e-05
9.000000000000000000e+00 -2.087179487179487225e+01 1.509904644634390121e-05
9.000000000000000000e+00 -2.061538461538461675e+01 2.172822889774490097e-05
9.000000000000000000e+00 -2.035897435897435770e+01 3.096235240944834286e-05
9.000000000000000000e+00 -2.010256410256410220e+01 4.377219667049755557e-05
9.000000000000000000e+00 -1.984615384615384670e+01 6.140785505494337040e-05
9.000000000000000000e+00 -1.958974358974359120e+01 8.548397345568947811e-05
9.000000000000000000e+00 -1.933333333333333570e+01 1.175747298244236291e-04
9.000000000000000000e+00 -1.907692307692307665e+01 1.590222537819011841e-04
9.000000000000000000e+00 -1.882051282051282115e+01 2.131434858203573341e-04
9.000000000000000000e+00 -1.856410256410256565e+01 2.870180907120947322e-04
9.000000000000000000e+00 -1.830769230769230660e+01 3.845447657830903783e-04
9.000000000000000000e+00 -1.805128205128205110e+01 5.042238593790022462e-04
9.000000000000000000e+00 -1.779487179487179560e+01 6.582056180783256395e-04
9.000000000000000000e+00 -1.753846153846154010e+01 8.666463552504715057e-04
9.000000000000000000e+00 -1.728205128205128460e+01 1.124810439921108181e-03
9.000000000000000000e+00 -1.702564102564102555e+01 1.436488004075967950e-03
9.000000000000000000e+00 -1.676923076923077005e+01 1.849321076906805701e-03
9.000000000000000000e+00 -1.651282051282051455e+01 2.380480294422352740e-03
9.000000000000000000e+00 -1.625641025641025550e+01 3.005865174214491717e-03
9.000000000000000000e+00 -1.600000000000000000e+01 3.779442716647499201e-03
1.000000000000000000e+01 -2.600000000000000000e+01 3.450116151970829545e-13
1.000000000000000000e+01 -2.574358974358974450e+01 2.008817881300579697e-12
1.000000000000000000e+01 -2.548717948717948900e+01 9.088182033620550917e-12
1.000000000000000000e+01 -2.523076923076922995e+01 3.385690439876915179e-11
1.000000000000000000e+01 -2.497435897435897445e+01 1.084147913035779442e-10
1.000000000000000000e+01 -2.471794871794871895e+01 3.082075403302928725e-10
1.000000000000000000e+01 -2.446153846153845990e+01 7.950320245218607767e-10
1.000000000000000000e+01 -2.420512820512820440e+01 1.900132624321609061e-09
1.000000000000000000e+01 -2.394871794871794890e+01 4.254571615159639633e-09
1.000000000000000000e+01 -2.369230769230769340e+01 8.948035864663333906e-09
1.000000000000000000e+01 -2.343589743589743790e+01 1.807032053948448743e-08
1.000000000000000000e+01 -2.317948717948717885e+01 3.469460825763080965e-08
1.000000000000000000e+01 -2.292307692307692335e+01 6.491251704770033141e-08
1.000000000000000000e+01 -2.266666666666666785e+01 1.170787245681193084e-07
1.000000000000000000e+01 -2.241025641025640880e+01 2.053316297029855774e-07
1.000000000000000000e+01 -2.215384615384615330e+01 3.511182435667483844e-07
1.000000000000000000e+01 -2.189743589743589780e+01 5.877907563050548270e-07
1.000000000000000000e+01 -2.164102564102564230e+01 9.568052936853897600e-07
1.000000000000000000e+01 -2.138461538461538680e+01 1.526371238839217341e-06
1.000000000000000000e+01 -2.112820512820512775e+01 2.413130828309107147e-06
1.000000000000000000e+01 -2.087179487179487225e+01 3.743527484808003353e-06
1.000000000000000000e+01 -2.061538461538461675e+01 5.698003428920577069e-06
1.000000000000000000e+01 -2.035897435897435770e+01 8.528131331706391568e-06
1.000000000000000000e+01 -2.010256410256410220e+01 1.261786415151654188e-05
1.000000000000000000e+01 -1.984615384615384670e+01 1.857968208528716988e-05
1.000000000000000000e+01 -1.958974358974359120e+01 2.707897806441597396e-05
1.000000000000000000e+01 -1.933333333333333570e+01 3.853355309284941176e-05
1.000000000000000000e+01 -1.907692307692307665e+01 5.418452852097060859e-05
1.000000000000000000e+01 -1.882051282051282115e+01 7.665493581994138378e-05
1.000000000000000000e+01 -1.856410256410256565e+01 1.067171513082156736e-04
1.000000000000000000e+01 -1.830769230769230660e+01 1.454830502160248768e-04
1.000000000000000000e+01 -1.805128205128205110e+01 1.999481913265109805e-04
1.000000000000000000e+01 -1.779487179487179560e+01 2.723889777530607344e-04
1.000000000000000000e+01 -1.753846153846154010e+01 3.625917549267262193e-04
1.000000000000000000e+01 -1.728205128205128460e+01 4.860677612137206038e-04
1.000000000000000000e+01 -1.702564102564102555e+01 6.500972072717848931e-04
1.000000000000000000e+01 -1.676923076923077005e+01 8.493974482390888574e-04
1.000000000000000000e+01 -1.651282051282051455e+01 1.110860573911343985e-03
1.000000000000000000e+01 -1.625641025641025550e+01 1.462475803282795722e-03
1.000000000000000000e+01 -1.600000000000000000e+01 1.891425417457920193e-03
