-22.802678310708494 0.2554402224281743
-22.724210054530516 0.28316837598327177
-22.680714668912174 0.2986932191576221
-22.63721928329383 0.31382491649543315
-22.591652688836525 0.3293298815095089
-22.548157303218183 0.34485472468385925
-22.50466191759984 0.36018520362441486
-22.43237333369551 0.3838338477878453
-22.367962134227913 0.37941785804909833
-22.23954718621186 0.3683046127458379
-22.08648145758775 0.3543586449236026
-21.982717290179753 0.3592290569904248
-21.8543023421637 0.36531077656400046
-21.738212784451672 0.37083181031243057
-21.597472446131594 0.3607808359537858
-21.41564747346475 0.3474854898131582
-21.340642550099485 0.3438993617766186
-21.21222760208343 0.33751982603835745
-21.04272801972062 0.3293536502715741
-20.955397706051325 0.3292123224971332
-20.82698275803527 0.32919664796214976
-20.698567810019217 0.3291882967754782
-20.603292203426662 0.3069132065451889
-20.541155938257603 0.291995751601447
-20.479019673088544 0.2771268877161538
-20.416883407919485 0.26222562979189473
-20.342285935473356 0.24444480040175065
-20.226332194734375 0.23331551746843399
-20.09791724671832 0.22025079255973495
-19.98593615244097 0.20899223660839022
-19.841087350686212 0.19173881342485366
-19.655153914584698 0.17004615636633447
-19.584257454654107 0.1659777151795665
-19.455842506638053 0.15889282536705063
-19.298668314579274 0.15027992535323909
-19.199012610605948 0.15428451208191862
-19.070597662589893 0.15945710862645457
-18.954508104877867 0.16372058214195084
-18.813767766557785 0.16462970517099046
-18.68535281854173 0.16508426668551035
-18.602130968307108 0.16558174045154217
-18.428522922509625 0.16115779567215804
-18.25902334014682 0.1573176630810097
-18.171693026477516 0.16077376956506373
-18.043278078461462 0.16600906424953343
-17.910754667010735 0.17064474373098892
-17.786448182429357 0.1671141189658661
-17.658033234413303 0.1627252491705023
-17.56659445730933 0.158853767509387
-17.401203338381197 0.15974708752364825
-17.215269902279687 0.15987248380351582
-17.14437344234909 0.15865770734229906
-17.015958494333034 0.15619680534989866
-16.87110969257828 0.15345774460143957
-16.75912859830093 0.15412776673208423
-16.630713650284875 0.15492716801623985
-16.51873255600752 0.15460571156928432
-16.373883754252766 0.14541272528129046
-16.205349038302646 0.1340418122020377
