-22.806718865656645 0.28543533394638343
-22.691300847422458 0.30427849137597207
-22.595795106514462 0.31927038733446167
-22.436685522589755 0.3476031398320553
-22.367962134227913 0.3523871224701525
-22.240789911515243 0.36179680706296247
-22.111132238195808 0.3711730526478078
-21.982717290179753 0.37899464560454543
-21.8543023421637 0.38630812238556983
-21.74083744745581 0.392132482355364
-21.62352607310599 0.37964945283190493
-21.489769586505226 0.36566345360112795
-21.386005419097227 0.35440142869531976
-21.232939690473117 0.3545972319028178
-21.104524742457066 0.35448751015793367
-21.029519819091796 0.3549342344049618
-20.847694846424957 0.3560392891212945
-20.719279898408903 0.357175692907594
-20.59086495039285 0.3587744954759051
-20.462450002376798 0.3605143688590672
-20.34636044466477 0.361305932875731
-20.20562010634469 0.358413981171286
-20.077205158328635 0.35515367789473007
-20.002200234963368 0.3534797146463752
-19.82037526229653 0.3360072334124554
-19.65498414336839 0.3197689290887891
-19.571830201620294 0.30867868166882395
-19.46205613315496 0.2934752870349802
-19.35642448236756 0.27845504331375076
-19.30206373890545 0.27069118917686197
-19.112021839369266 0.2647116110402687
-18.954847647310483 0.25893567337866524
-18.875904031726844 0.24613504786560642
-18.788913260490162 0.2310139732483653
-18.70192248925348 0.21590446793075485
-18.60654501993114 0.20005839406680304
-18.46580468161106 0.20713120677859392
-18.337389733595007 0.2142239338586015
-18.258276346795057 0.21818547985597408
-18.080559837562898 0.21242136233550563
-17.952144889546844 0.20798546893519154
-17.823729941530793 0.20209968104890896
-17.69531499351474 0.1954771900184047
-17.558683118629332 0.1890350846200049
-17.43848509748263 0.19185637243722958
-17.310070149466576 0.19506181484134344
-17.21041444549325 0.19772648578852864
-17.05324025343447 0.19912151940205497
-16.87552374420231 0.20145689663479294
-16.79641035740236 0.2032752711726672
-16.66799540938631 0.2071547185810691
-16.523146607631553 0.21119476573315388
-16.35775548870342 0.21068932621983538
-16.196472833209963 0.2088006732341255
