-22.8047155653042 0.31272869518214524
-22.678643460073204 0.321798267449965
-22.533658841345403 0.33146366277182016
-22.4218135640411 0.33942428203884545
-22.293398616025044 0.3494011235558066
-22.165397909776786 0.3594077466892362
-22.085870281209047 0.3659220834283545
-21.908153771976885 0.36718388349452175
-21.73962188554703 0.3673888944206577
-21.65960871130065 0.35698179310446543
-21.549834642835314 0.34152436829326194
-21.433846947853073 0.32551548342128833
-21.39378094080418 0.31931770804893783
-21.188833128476073 0.3179514753227786
-21.04225266031496 0.319114196053743
-20.897403858560203 0.33195536611923554
-20.76898891054415 0.3440561071264529
-20.693983987178882 0.3508972707679556
-20.512159014512044 0.33179862076940114
-20.35087635901858 0.31531337827984823
-20.255329118479935 0.31262082721715967
-20.126914170463884 0.3097288755127145
-20.006716149317178 0.30675431130011904
-19.88872515398249 0.2885244358350003
-19.797591965067873 0.27359372878440874
-19.704387567314285 0.25830242998584335
-19.650060778095444 0.2494091535429908
-19.464127341993926 0.24384096770981545
-19.30284468650047 0.23881727924762225
-19.240436787385317 0.22369292044209887
-19.17830052221626 0.20858110126456225
-19.116164257047203 0.19346928208702568
-19.054027991878144 0.17837365992897208
-18.950637321146022 0.15538456636463216
-18.86751733364118 0.1603154821364905
-18.726776995321103 0.17198106207822483
-18.6065789741744 0.18045301975698042
-18.469947099288998 0.17579781134669303
-18.357966005011644 0.17111497978049223
-18.262418764472994 0.16742401223127645
-18.084702255240835 0.17640128094355556
-17.911094209443355 0.18483392380505753
-17.82787235920873 0.18376047511828164
-17.699457411192675 0.1813152476608647
-17.57104246317662 0.17887785747093943
-17.442627515160567 0.17641695547853897
-17.314212567144516 0.17397172802112204
-17.21455686317119 0.172819778179634
-17.057382671112407 0.17921485997308345
-16.928967723096353 0.18490471617207294
-16.86217972660043 0.18734583227605162
-16.672137827064248 0.18335679160256058
-16.523180561874817 0.1794226118015116
-16.41530793103214 0.17959888608017782
-16.196506787453224 0.17989670224486326
