-6.343274001508192317e-01 1.891948663792107910e-01 2.768296924646331814e-01
-8.048965552166155168e-01 2.141686446482492512e-01 3.380288629193183292e-01
-5.847540564332579516e-01 1.898342102461714198e-01 2.335462450676423218e-01
-7.592534316424878194e-01 2.357815029494790826e-01 3.082731542712416895e-01
-5.987363906628129229e-01 1.784460129293079511e-01 3.096927228202486226e-01
-7.903942955814877713e-01 6.399635297548211810e-02 7.236108427413370237e-01
-1.264207623645039469e+00 3.368054888352980392e-01 1.112513035062154820e+00
0.75 0 0
0.3 0 0
0.01 0 0
0.01 0 0
0.01 0 0
0.01 0 0
0.01 0 0
-1.945389632737626107e+00 3.343488373261875868e-01 2.491649331843226456e-01
-2.048218306988868864e+00 4.181091742010711876e-01 3.018279641397696444e-01
-2.028900587666146116e+00 7.186806494209410090e-01 3.700543166451248922e-01
-2.127014008603750117e+00 6.875482687611147448e-01 4.115207623199663711e-01
-1.965606418304790326e+00 1.289246952528542822e+00 5.618312808047905005e-01
-2.528904271808639859e+00 1.316901893356525299e+00 4.034263492861174250e-01
-1.23 0 0
1.167569483221220139e+01 3.916348059359258116e-01 4.346427931631744457e-01
1.159468224951669768e+01 4.483887335632434912e-01 5.141243077280464036e-01
1.210475750728742739e+01 1.167796635665807159e+00 4.825428237936524312e-01
1.179349727135612369e+01 1.067928334419185887e+00 4.858007466618943226e-01
11. 0 0
10.5 0 0
11. 0 0
