1.000000000000000000e+09 -1.229349408036423696e+01 -9.876880896198519721e+00
1.206792640639326334e+09 -1.263262042766007553e+01 -1.024962713057830044e+01
1.456348477501244307e+09 -1.295758741917815016e+01 -1.061408333425817219e+01
1.757510624854789495e+09 -1.327018446615979741e+01 -1.096611830676240018e+01
2.120950887920192480e+09 -1.361027065167345285e+01 -1.133922012021039372e+01
2.559547922699532986e+09 -1.393212550314477838e+01 -1.169417884859186252e+01
3.088843596477484703e+09 -1.427392711345485132e+01 -1.207531874934689142e+01
3.727593720314938068e+09 -1.460291177769430959e+01 -1.243691527082939707e+01
4.498432668969452858e+09 -1.495050166247334289e+01 -1.281690519067248601e+01
5.428675439323859215e+09 -1.529786244176425924e+01 -1.318931501601607259e+01
6.551285568595495224e+09 -1.564659577068903396e+01 -1.355899653999385279e+01
7.906043210907701492e+09 -1.598900011882703254e+01 -1.392271878598332435e+01
9.540954763499923706e+09 -1.631848002533622832e+01 -1.427383023563513476e+01
1.151395399326448059e+10 -1.664110405019626882e+01 -1.461245028118024436e+01
1.389495494373135948e+10 -1.698112757287782770e+01 -1.497546242983984754e+01
1.676832936811009979e+10 -1.733094659630920020e+01 -1.533775600682259643e+01
2.023589647725155640e+10 -1.766074991607442968e+01 -1.567942247763873098e+01
2.442053094548654938e+10 -1.799151050095542814e+01 -1.602332177697723736e+01
2.947051702551809692e+10 -1.833304481298046085e+01 -1.637657195436114321e+01
3.556480306223120880e+10 -1.868844315899492869e+01 -1.673803312441837932e+01
4.291934260128778076e+10 -1.903656348018252586e+01 -1.709088355659553926e+01
5.179474679231201935e+10 -1.938987706275923983e+01 -1.744578924808084608e+01
6.250551925273976135e+10 -1.973364628546837451e+01 -1.779581142144643024e+01
7.543120063354606628e+10 -2.008631389853910676e+01 -1.814850889554334401e+01
9.102981779915226746e+10 -2.045194078813683092e+01 -1.852006203676246798e+01
1.098541141987557220e+11 -2.079020038795673386e+01 -1.886597778908838663e+01
1.325711365590110931e+11 -2.112221171093114336e+01 -1.920957299782689987e+01
1.599858719606057434e+11 -2.145018148725497298e+01 -1.954831798433367851e+01
1.930697728883245544e+11 -2.177627462768853661e+01 -1.989287444451584363e+01
2.329951810515372009e+11 -2.208960513608816001e+01 -2.024249486082647209e+01
2.811768697974224854e+11 -2.237500285272791345e+01 -2.058536594550628251e+01
3.393221771895329590e+11 -2.263263819788928188e+01 -2.091422219573945540e+01
4.094915062380419312e+11 -2.286084641289402697e+01 -2.121118047595202682e+01
4.941713361323838501e+11 -2.307408868411789271e+01 -2.148525120970634816e+01
5.963623316594636230e+11 -2.329472556227648639e+01 -2.175048558257171649e+01
7.196856730011528320e+11 -2.350949042640005615e+01 -2.199015193537848489e+01
8.685113737513520508e+11 -2.371774058386871786e+01 -2.219593656609940524e+01
1.048113134154683105e+12 -2.392806515612638663e+01 -2.238898548198257998e+01
1.264855216855295898e+12 -2.415425401223046364e+01 -2.257535482117166481e+01
1.526417967175230225e+12 -2.439059188476759488e+01 -2.275386028013883077e+01
1.842069969326716309e+12 -2.463569499959693232e+01 -2.294739510343125843e+01
2.222996482526190918e+12 -2.486664472610735999e+01 -2.313234153920774716e+01
2.682695795279727539e+12 -2.509029472215972234e+01 -2.330501917022920111e+01
3.237457542817640137e+12 -2.529189314544736789e+01 -2.343729951841566361e+01
3.906939937054621094e+12 -2.549085488420994849e+01 -2.358159596819401571e+01
4.714866363457389648e+12 -2.566021084729127111e+01 -2.368713950530527157e+01
5.689866029018281250e+12 -2.584820697551552016e+01 -2.378713522256816404e+01
6.866488450042998047e+12 -2.601509726873300110e+01 -2.387999742976694861e+01
8.286427728546859375e+12 -2.620089457167585323e+01 -2.396412525410763195e+01
1.000000000000000000e+13 -2.636240925949603664e+01 -2.403790502356046233e+01
