1.000000000000000000e+09 -1.119357311679825528e+01
1.206792640639326334e+09 -1.154523278711838685e+01
1.456348477501244307e+09 -1.189611290499616558e+01
1.757510624854789495e+09 -1.224687070562909952e+01
2.120950887920192480e+09 -1.259820164174710300e+01
2.559547922699532986e+09 -1.295044830552573245e+01
3.088843596477484703e+09 -1.330344256208511666e+01
3.727593720314938068e+09 -1.365670497388143900e+01
4.498432668969452858e+09 -1.400986207739627076e+01
5.428675439323859215e+09 -1.436291867374325903e+01
6.551285568595495224e+09 -1.471612923051947774e+01
7.906043210907701492e+09 -1.506964889428358134e+01
9.540954763499923706e+09 -1.542339564400824514e+01
1.151395399326448059e+10 -1.577722406743210826e+01
1.389495494373135948e+10 -1.613108023855331652e+01
1.676832936811009979e+10 -1.648497023807919248e+01
2.023589647725155640e+10 -1.683889295009810638e+01
2.442053094548654938e+10 -1.719276300004099056e+01
2.947051702551809692e+10 -1.754642131636986591e+01
3.556480306223120880e+10 -1.789978343787245052e+01
4.291934260128778076e+10 -1.825269943146205520e+01
5.179474679231201935e+10 -1.860488175770237973e+01
6.250551925273976135e+10 -1.895606099569152292e+01
7.543120063354606628e+10 -1.930580883565917105e+01
9.102981779915226746e+10 -1.965357819086060687e+01
1.098541141987557220e+11 -1.999866193320722374e+01
1.325711365590110931e+11 -2.034012494229798307e+01
1.599858719606057434e+11 -2.067678851925230532e+01
1.930697728883245544e+11 -2.100715773672630604e+01
2.329951810515372009e+11 -2.132940681700456054e+01
2.811768697974224854e+11 -2.164136138290813705e+01
3.393221771895329590e+11 -2.194053860563607117e+01
4.094915062380419312e+11 -2.222425678857771203e+01
4.941713361323838501e+11 -2.248982405967944231e+01
5.963623316594636230e+11 -2.273480597539167292e+01
7.196856730011528320e+11 -2.295733271976404666e+01
8.685113737513520508e+11 -2.315637649292330735e+01
1.048113134154683105e+12 -2.333191959739010457e+01
1.264855216855295898e+12 -2.348495871655575939e+01
1.526417967175230225e+12 -2.361734425449635211e+01
1.842069969326716309e+12 -2.373150640674099776e+01
2.222996482526190918e+12 -2.383014805734304531e+01
2.682695795279727539e+12 -2.391597374589887437e+01
3.237457542817640137e+12 -2.399149559604511950e+01
3.906939937054621094e+12 -2.405892183672703055e+01
4.714866363457389648e+12 -2.412011516032837477e+01
5.689866029018281250e+12 -2.417659878335299339e+01
6.866488450042998047e+12 -2.422958992318250893e+01
8.286427728546859375e+12 -2.428004454191935935e+01
1.000000000000000000e+13 -2.432870449397051260e+01
