1.000000000000000000e+09 2.502765533969962819e-01
1.059560179277614832e+09 2.314784471873264360e-01
1.122667773510815859e+09 2.140235204447472062e-01
1.189534067370320797e+09 1.978205609948835431e-01
1.260382929679727316e+09 1.827835367391967558e-01
1.335451562929897308e+09 1.688316151298131507e-01
1.414991297434578896e+09 1.558890298285849629e-01
1.499268432786047220e+09 1.438850182844980119e-01
1.588565129428052664e+09 1.327537301232275258e-01
1.683180353330955029e+09 1.224340283933407769e-01
1.783430876931912899e+09 1.128691958705819037e-01
1.889652339691211462e+09 1.040067338129027907e-01
2.002200371815584421e+09 9.579798862382778168e-02
2.121451784910627842e+09 8.819783929869082217e-02
2.247805833548729897e+09 8.116427550023798398e-02
2.381685551976160526e+09 7.465814230514923600e-02
2.523539170434765816e+09 6.864282025112508623e-02
2.673841615839943886e+09 6.308393705949195962e-02
2.833096101839329720e+09 5.794923300591672127e-02
3.001835813575592041e+09 5.320838296748507668e-02
3.180625692794119358e+09 4.883292343408949382e-02
3.370064329271924973e+09 4.479618141450530944e-02
3.570785964900469780e+09 4.107324934217118639e-02
3.783462617131932735e+09 3.764093109146651045e-02
4.008806328898464680e+09 3.447768075481938421e-02
4.247571552536894321e+09 3.156356576444701439e-02
4.500557675700507164e+09 2.888013912678812772e-02
4.768611697714474678e+09 2.641033261458496095e-02
5.052631065335680008e+09 2.413832007665131160e-02
5.353566677410718918e+09 2.204940504578978971e-02
5.672426068491989136e+09 2.012990666614815002e-02
6.010276782070387840e+09 1.836703779786054078e-02
6.368249944718585968e+09 1.674887073831238943e-02
6.747544053110686302e+09 1.526428407223835541e-02
7.149428986597591400e+09 1.390287849488305166e-02
7.575250258771920204e+09 1.265503851397703147e-02
8.026433522257173538e+09 1.151188592658878435e-02
8.504489341802668571e+09 1.046519296222453606e-02
9.011018251665037155e+09 9.507373173529577379e-03
9.547716114208065033e+09 8.631425483551561501e-03
1.011637979766207123e+10 7.830867620722253147e-03
1.071891319205126381e+10 7.099675888628485636e-03
1.135733358343107414e+10 6.432267562883230670e-03
1.203377840777590561e+10 5.823452715381320817e-03
1.275051240713012886e+10 5.268424314458203250e-03
1.350993521198025131e+10 4.762742244308202505e-03
1.431458937523481560e+10 4.302315567903808313e-03
1.516716888470923996e+10 3.883380338950245553e-03
1.607052818261638451e+10 3.502472088732359531e-03
1.702769172225897789e+10 3.156395877812430591e-03
1.804186409392075348e+10 2.842200740509349174e-03
1.911644075385703659e+10 2.557162858937288459e-03
2.025501939230666351e+10 2.298762552593389651e-03
2.146141197858401489e+10 2.064685126025111919e-03
2.273965752357932281e+10 1.852802806580646422e-03
2.409403560239526749e+10 1.661166204795345557e-03
2.552908068239516449e+10 1.487985152079913161e-03
2.704959730463131714e+10 1.331618273766202107e-03
2.866067616948255920e+10 1.190553372017857285e-03
3.036771118035460663e+10 1.063400065050237485e-03
3.217641750250735474e+10 9.488861655035815646e-04
3.409285069746807480e+10 8.458473311478469309e-04
3.612342699709437561e+10 7.532209824592557426e-04
3.827494478516314697e+10 6.700342826614648882e-04
4.055460735840827942e+10 5.953984417631369430e-04
4.297004704320835114e+10 5.284997788739794009e-04
4.552935074866957092e+10 4.685955571710245771e-04
4.824108704165373993e+10 4.150085604570370843e-04
5.111433483440165710e+10 3.671232262227288245e-04
5.415871378079464722e+10 3.243797703745321978e-04
5.738441648302404022e+10 2.862677686083532754e-04
6.080224261649427032e+10 2.523226901637678522e-04
6.442363508721369934e+10 2.221232738660705965e-04
6.826071834272378540e+10 1.952874903063794431e-04
7.232633896483547974e+10 1.714694192981522640e-04
7.663410868007463074e+10 1.503554046158479536e-04
8.119844993184008789e+10 1.316616997854727720e-04
8.603464416684490967e+10 1.151315753862298654e-04
9.115888299750837708e+10 1.005338369350490773e-04
9.658832241158708191e+10 8.765983750485462002e-05
1.023411402105452728e+11 7.632140106939185303e-05
1.084365968689608612e+11 6.634895974696721150e-05
1.148951000187310944e+11 5.759044121758480930e-05
1.217382727739662018e+11 4.990934905202886401e-05
1.289890261253308105e+11 4.318312853024412241e-05
1.366716356462010193e+11 3.730190660450839941e-05
1.448118227674536133e+11 3.216754645217796699e-05
1.534368408930013123e+11 2.769225625503889850e-05
1.625755666443793335e+11 2.379778448012022347e-05
1.722585965398783875e+11 2.041435718723593295e-05
1.825183494319046326e+11 1.747988965740586705e-05
1.933891750455231934e+11 1.493921342879373599e-05
2.049074689815845947e+11 1.274343313569796220e-05
2.171117945694509888e+11 1.084914441543257029e-05
2.300430119772921448e+11 9.217972768002300526e-06
2.437444150122221680e+11 7.816056596259482724e-06
2.582618760682674866e+11 6.613515508169754940e-06
2.736439997074666443e+11 5.584036443347883612e-06
2.899422853882880859e+11 4.704515952045326291e-06
3.072112998861759033e+11 3.954674663424628319e-06
3.255088599835056763e+11 3.316763864784137306e-06
3.448962260405766602e+11 2.775251345606165504e-06
3.654383070957261963e+11 2.316612172023678046e-06
3.872038781812557373e+11 1.929033531843184724e-06
4.102658105827190552e+11 1.602285603018792982e-06
4.347013158125017700e+11 1.327482244938646721e-06
4.605922041145112915e+11 1.096930253946508266e-06
4.880251583654433594e+11 9.039918412880412745e-07
5.170920242896755371e+11 7.429476175397014984e-07
5.478901179593956299e+11 6.088803386875356295e-07
5.805225516094907227e+11 4.975720992375209742e-07
6.150985788580504150e+11 4.054164670535021830e-07
6.517339604882420654e+11 3.293344450057348654e-07
6.905513520162316895e+11 2.667068517355448257e-07
7.316807143427207031e+11 2.153066590437300784e-07
7.752597488629464111e+11 1.732508350126518179e-07
8.214343584919421387e+11 1.389480079320042288e-07
8.703591361485183105e+11 1.110597214387783897e-07
9.221978823334340820e+11 8.846093196314671347e-08
9.771241535346501465e+11 7.020976512533827024e-08
1.035321843295661621e+12 5.552100390665272671e-08
1.096985797892381836e+12 4.374150215261816046e-08
1.162322468679854248e+12 3.432899808197938425e-08
1.231550603292826172e+12 2.683604844215322834e-08
1.304901978014401611e+12 2.089478308266224623e-08
1.382622173764659180e+12 1.620185653093866654e-08
1.464971398307287842e+12 1.250920774412104434e-08
1.552225357427048096e+12 9.616583567061413864e-09
1.644676177994662842e+12 7.360329727921888823e-09
1.742633386009647217e+12 5.607399158857080281e-09
1.846424942895546387e+12 4.251920597954657094e-09
1.956398343517064697e+12 3.208869166349653330e-09
2.072921779595369873e+12 2.409840531760038622e-09
2.196385372416551514e+12 1.800499478263645837e-09
2.327202478960412109e+12 1.338249752632703644e-09
2.465811075822604004e+12 9.894906520848320778e-10
2.612675225563326660e+12 7.276450345413439366e-10
2.768286630392061035e+12 5.320504142968982640e-10
2.933166278390048340e+12 3.867800191479214251e-10
3.107866187782014160e+12 2.795410069725870968e-10
3.292971255097147949e+12 2.008298513948902511e-10
3.489101213406780762e+12 1.433772081989076410e-10
3.696912707195032227e+12 1.016939348800064951e-10
3.917101490809260742e+12 7.165942576878711439e-11
4.150404757850472656e+12 5.016237488231933959e-11
4.397603609302712402e+12 3.487240129490784855e-11
4.659525668664686523e+12 2.406806557202914804e-11
4.937047852839003906e+12 1.648760152925451646e-11
5.231099308056257812e+12 1.121110205548445357e-11
5.542664520663118164e+12 7.565763067295213687e-12
5.872786613189489258e+12 5.065336550976083958e-12
6.222570836730231445e+12 3.363093109194545620e-12
6.593188271333541992e+12 2.214012689985365640e-12
6.985879746785234375e+12 1.445195451389428503e-12
7.401959996915652344e+12 9.351599505112279079e-13
7.842822061337681641e+12 5.996181429860855397e-13
8.309941949353386719e+12 3.807942698496547611e-13
8.804883581643482422e+12 2.394676006673111130e-13
9.329304026284695312e+12 1.491131872769594670e-13
9.884959046625585938e+12 9.193051659949536348e-14
1.047370897959448633e+13 5.608714755914837092e-14
1.109752496412069922e+13 3.384448595530375107e-14
1.175849554052158203e+13 2.018912953779209748e-14
1.245883364295008203e+13 1.190677004548500431e-14
1.320088400831422070e+13 6.941487206475813232e-15
1.398713102647241602e+13 3.998782582459873600e-15
1.482020705798860156e+13 2.274530940244193601e-15
1.570290124729377539e+13 1.276732411212802744e-15
1.663816886076127344e+13 7.070262491543801165e-16
1.762914118095944531e+13 3.862963892459066550e-16
1.867913599020784766e+13 2.081893904706291880e-16
1.979166867853557422e+13 1.105942821064305338e-16
2.097046401323239062e+13 5.785855741763343627e-17
2.221946860939528516e+13 2.978947530059188106e-17
2.354286414322420312e+13 1.509493859372592479e-17
2.494508135230316406e+13 7.525746084114146593e-18
2.643081486974102734e+13 3.691280731061791129e-18
2.800503894183625391e+13 1.779415610099083316e-18
2.967302408188872656e+13 8.419989530067772556e-19
3.144035471591500000e+13 3.908558546972680602e-19
3.331294787934683594e+13 1.780028317130649057e-19
3.529707302730657031e+13 7.951892984578779487e-20
3.739937302478801562e+13 3.482816158269331000e-20
3.962688638701478125e+13 1.493602402673495126e-20
4.198707084443905469e+13 6.262543561904045779e-21
4.448782831127576562e+13 2.566272850842177158e-21
4.713753134116728906e+13 1.027310277317116585e-21
4.994505115855139844e+13 4.018875950412111562e-22
5.291978735958458594e+13 1.534670184890427845e-22
5.607169938205469531e+13 5.713996114944518746e-23
5.941133984965039844e+13 2.070766890738980642e-23
6.294988990221887500e+13 7.294968516426547368e-24
6.669919663030114844e+13 2.496973451110662260e-24
7.067181273927476562e+13 8.306716791932789653e-25
7.488103857590031250e+13 2.682685549625716403e-25
7.934096665797492188e+13 8.371163678604333087e-26
8.406652885618351562e+13 2.499043726924296907e-26
8.907354638610457812e+13 6.914877284390417620e-27
9.437878277775390625e+13 1.540832101752449018e-27
1.000000000000000000e+14 0.000000000000000000e+00
