1.000000000000000000e+09 1.265352509933953887e-02
1.059560179277614832e+09 1.132260280510278411e-02
1.122667773510815859e+09 1.012413317093889542e-02
1.189534067370320797e+09 9.045698418925022730e-03
1.260382929679727316e+09 8.075928237578442609e-03
1.335451562929897308e+09 7.204440374666768419e-03
1.414991297434578896e+09 6.421773123145590491e-03
1.499268432786047220e+09 5.719323927241282135e-03
1.588565129428052664e+09 5.089289097129236390e-03
1.683180353330955029e+09 4.524599301347983701e-03
1.783430876931912899e+09 4.018854158752470027e-03
1.889652339691211462e+09 3.566265706558479145e-03
2.002200371815584421e+09 3.161597121239213479e-03
2.121451784910627842e+09 2.800109283897888549e-03
2.247805833548729897e+09 2.477506640073988582e-03
2.381685551976160526e+09 2.189895481181411852e-03
2.523539170434765816e+09 1.933742836662508601e-03
2.673841615839943886e+09 1.705840320652868974e-03
2.833096101839329720e+09 1.503277270786442226e-03
3.001835813575592041e+09 1.323413929798154549e-03
3.180625692794119358e+09 1.163860480467105623e-03
3.370064329271924973e+09 1.022457255561098812e-03
3.570785964900469780e+09 8.972574605580920350e-04
3.783462617131932735e+09 7.865097692796217893e-04
4.008806328898464680e+09 6.886415574757523373e-04
4.247571552536894321e+09 6.022438877261089042e-04
4.500557675700507164e+09 5.260547907323688804e-04
4.768611697714474678e+09 4.589445061582718465e-04
5.052631065335680008e+09 3.999012077454279892e-04
5.353566677410718918e+09 3.480187271725684850e-04
5.672426068491989136e+09 3.024853380932357688e-04
6.010276782070387840e+09 2.625734571087629454e-04
6.368249944718585968e+09 2.276322531336759587e-04
6.747544053110686302e+09 1.970801181830163554e-04
7.149428986597591400e+09 1.703977094517732365e-04
7.575250258771920204e+09 1.471235630356405519e-04
8.026433522257173538e+09 1.268485329454079275e-04
8.504489341802668571e+09 1.092093725207839860e-04
9.011018251665037155e+09 9.388449783965406093e-05
9.547716114208065033e+09 8.058936186511931438e-05
1.011637979766207123e+10 6.907208394233523886e-05
1.071891319205126381e+10 5.910963778495424329e-05
1.135733358343107414e+10 5.050499236383103888e-05
1.203377840777590561e+10 4.308411866284868791e-05
1.275051240713012886e+10 3.669372630268101851e-05
1.350993521198025131e+10 3.119909940639369050e-05
1.431458937523481560e+10 2.648209164584570583e-05
1.516716888470923996e+10 2.243924299779628237e-05
1.607052818261638451e+10 1.898003386263676272e-05
1.702769172225897789e+10 1.602530341362487580e-05
1.804186409392075348e+10 1.350587770903783534e-05
1.911644075385703659e+10 1.136141305518113863e-05
2.025501939230666351e+10 9.539311092347704785e-06
2.146141197858401489e+10 7.993906974068578242e-06
2.273965752357932281e+10 6.685599908446270401e-06
2.409403560239526749e+10 5.580132750582943059e-06
2.552908068239516449e+10 4.647885810574630525e-06
2.704959730463131714e+10 3.863300267803079713e-06
2.866067616948255920e+10 3.204321216507880379e-06
3.036771118035460663e+10 2.651965202010216867e-06
3.217641750250735474e+10 2.189947153170169172e-06
3.409285069746807480e+10 1.804317571865015380e-06
3.612342699709437561e+10 1.483158051489449967e-06
3.827494478516314697e+10 1.216291520960882066e-06
4.055460735840827942e+10 9.950491775878050638e-07
4.297004704320835114e+10 8.120567891640056749e-07
4.552935074866957092e+10 6.610591836859775393e-07
4.824108704165373993e+10 5.367629618697900667e-07
5.111433483440165710e+10 4.347011232871006979e-07
5.415871378079464722e+10 3.511107431250487651e-07
5.738441648302404022e+10 2.828257827752601903e-07
6.080224261649427032e+10 2.271900854357469433e-07
6.442363508721369934e+10 1.819825022184148462e-07
6.826071834272378540e+10 1.453496657843794987e-07
7.232633896483547974e+10 1.157491013908057773e-07
7.663410868007463074e+10 9.189953713003130702e-08
8.119844993184008789e+10 7.274005324004668405e-08
8.603464416684490967e+10 5.739420919340705103e-08
9.115888299750837708e+10 4.514080978034635005e-08
9.658832241158708191e+10 3.538743685903429687e-08
1.023411402105452728e+11 2.764882911421447851e-08
1.084365968689608612e+11 2.152872581840954215e-08
1.148951000187310944e+11 1.670484084057567593e-08
1.217382727739662018e+11 1.291569106092213708e-08
1.289890261253308105e+11 9.949722450605376889e-09
1.366716356462010193e+11 7.636353577353028890e-09
1.448118227674536133e+11 5.838599255888948433e-09
1.534368408930013123e+11 4.446735777974590068e-09
1.625755666443793335e+11 3.373242256875229658e-09
1.722585965398783875e+11 2.548524092665429491e-09
1.825183494319046326e+11 1.917456293250224165e-09
1.933891750455231934e+11 1.436536680511531780e-09
2.049074689815845947e+11 1.071578396902082918e-09
2.171117945694509888e+11 7.957989693337980866e-10
2.300430119772921448e+11 5.883157102168243133e-10
2.437444150122221680e+11 4.329140404989133275e-10
2.582618760682674866e+11 3.170527406433709070e-10
2.736439997074666443e+11 2.310739475404015859e-10
2.899422853882880859e+11 1.675764661483318305e-10
3.072112998861759033e+11 1.209113967362507712e-10
3.255088599835056763e+11 8.678892617275098927e-11
3.448962260405766602e+11 6.196551418663808201e-11
3.654383070957261963e+11 4.400224981724606603e-11
3.872038781812557373e+11 3.107251971655256865e-11
4.102658105827190552e+11 2.181739563473510823e-11
4.347013158125017700e+11 1.522988164152632290e-11
4.605922041145112915e+11 1.056806304702848153e-11
4.880251583654433594e+11 7.288503858429710880e-12
5.170920242896755371e+11 4.995305437937763770e-12
5.478901179593956299e+11 3.401750343257688309e-12
5.805225516094907227e+11 2.301391611379557479e-12
6.150985788580504150e+11 1.546531651945767320e-12
6.517339604882420654e+11 1.032131594374721369e-12
6.905513520162316895e+11 6.839938613982533881e-13
7.316807143427207031e+11 4.500174423751733391e-13
7.752597488629464111e+11 2.938954880446652734e-13
8.214343584919421387e+11 1.904852226021728130e-13
8.703591361485183105e+11 1.225063458541804769e-13
9.221978823334340820e+11 7.816272991734914253e-14
9.771241535346501465e+11 4.946461911175820181e-14
1.035321843295661621e+12 3.104249323437248588e-14
1.096985797892381836e+12 1.931518394588090056e-14
1.162322468679854248e+12 1.191292853238705165e-14
1.231550603292826172e+12 7.281436505269564109e-15
1.304901978014401611e+12 4.409871160288359225e-15
1.382622173764659180e+12 2.645603074279249419e-15
1.464971398307287842e+12 1.571657917535746407e-15
1.552225357427048096e+12 9.244590902604789168e-16
1.644676177994662842e+12 5.382889854377260990e-16
1.742633386009647217e+12 3.101207892673920798e-16
1.846424942895546387e+12 1.767501057258677177e-16
1.956398343517064697e+12 9.964398422879321054e-17
2.072921779595369873e+12 5.554482388004860672e-17
2.196385372416551514e+12 3.059943673680455807e-17
2.327202478960412109e+12 1.665664787778437080e-17
2.465811075822604004e+12 8.958377399435296359e-18
2.612675225563326660e+12 4.757989622548454777e-18
2.768286630392061035e+12 2.494191755793427969e-18
2.933166278390048340e+12 1.290126681371848213e-18
3.107866187782014160e+12 6.584186527174093083e-19
3.292971255097147949e+12 3.314159774425041317e-19
3.489101213406780762e+12 1.644207057690016062e-19
3.696912707195032227e+12 8.035620967539634729e-20
3.917101490809260742e+12 3.868415354563173329e-20
4.150404757850472656e+12 1.834051613633649791e-20
4.397603609302712402e+12 8.557830640484732563e-21
4.659525668664686523e+12 3.927118886803806785e-21
4.937047852839003906e+12 1.771408241462467885e-21
5.231099308056257812e+12 7.854388990500106349e-22
5.542664520663118164e+12 3.422220336555354213e-22
5.872786613189489258e+12 1.463961862744447744e-22
6.222570836730231445e+12 6.143066932277257583e-23
6.593188271333541992e+12 2.527602777326363665e-23
6.985879746785234375e+12 1.019766874896496139e-23
7.401959996915652344e+12 4.032208771071749719e-24
7.842822061337681641e+12 1.561019343087142575e-24
8.309941949353386719e+12 5.910575402541154845e-25
8.804883581643482422e+12 2.187855240556247852e-25
9.329304026284695312e+12 7.915784857037204904e-26
9.884959046625585938e+12 2.798575753767859096e-26
1.047370897959448633e+13 9.657508316983054326e-27
1.109752496412069922e+13 3.248950406866265103e-27
1.175849554052158203e+13 1.064364088421694893e-27
1.245883364295008203e+13 3.395745142797900732e-28
1.320088400831422070e+13 1.054814864322918256e-28
1.398713102647241602e+13 3.187259721694294466e-29
1.482020705798860156e+13 9.351682498247762685e-30
1.570290124729377539e+13 2.660977684165514846e-30
1.663816886076127344e+13 7.338459456308716725e-31
1.762914118095944531e+13 1.961456391965547826e-31
1.867913599020784766e+13 5.078998487976809963e-32
1.979166867853557422e+13 1.271828465003055107e-32
2.097046401323239062e+13 3.074077180450905229e-33
2.221946860939528516e+13 7.159899875680191070e-34
2.354286414322420312e+13 1.607401396889860445e-34
2.494508135230316406e+13 3.474798688418819664e-35
2.643081486974102734e+13 7.232190871208437223e-36
2.800503894183625391e+13 1.445958709672569383e-36
2.967302408188872656e+13 2.769339832830188787e-37
3.144035471591500000e+13 5.073228987971810961e-38
3.331294787934683594e+13 8.890674120419057360e-39
3.529707302730657031e+13 1.489963986091004731e-39
3.739937302478801562e+13 2.384343687984929790e-40
3.962688638701478125e+13 3.633935153654678687e-41
4.198707084443905469e+13 5.256955933608413352e-42
4.448782831127576562e+13 7.211388335992554189e-43
4.713753134116728906e+13 9.368746045213436169e-44
4.994505115855139844e+13 1.153520551227320245e-44
5.291978735958458594e+13 1.343271519553453449e-45
5.607169938205469531e+13 1.474446739430553737e-46
5.941133984965039844e+13 1.520165489507263431e-47
6.294988990221887500e+13 1.468513574083032799e-48
6.669919663030114844e+13 1.327235105734198220e-49
7.067181273927476562e+13 1.122825551240200522e-50
7.488103857590031250e+13 8.888138693274563094e-52
7.934096665797492188e+13 6.545635059241270638e-53
8.406652885618351562e+13 4.467259447576805868e-54
8.907354638610457812e+13 2.805751249804498345e-55
9.437878277775390625e+13 1.543093107706997840e-56
1.000000000000000000e+14 0.000000000000000000e+00
