4.000000000000000000e+00 -2.524241673181495926e+01 4.247887478089835689e-01 9.070711923390306727e-08 9.103114317753486874e-08
4.000000000000000000e+00 -2.481762798400596992e+01 4.247887478089826807e-01 2.721213577017097577e-07 1.587870661470849739e-07
4.000000000000000000e+00 -2.439283923619698413e+01 4.247887478089831248e-01 1.269899669274644795e-06 3.559928373170972868e-07
4.000000000000000000e+00 -2.396805048838799834e+01 4.247887478089844571e-01 4.611613163814217646e-06 8.755664679569900462e-07
4.000000000000000000e+00 -2.354326174057901611e+01 4.247887478089831248e-01 1.726270859963306001e-05 2.925648189597909325e-06
4.000000000000000000e+00 -2.311847299277002676e+01 4.247887478089835689e-01 5.236020055665762584e-05 8.081000124114173509e-06
4.000000000000000000e+00 -2.269368424496104097e+01 4.247887478089835689e-01 1.371114948647544083e-04 2.030720277798706651e-05
4.000000000000000000e+00 -2.226889549715205519e+01 4.247887478089849012e-01 3.830343966260828128e-04 6.953582830428418828e-05
4.000000000000000000e+00 -2.184410674934306584e+01 4.247887478089844571e-01 7.088697886761397959e-04 1.242186900392889420e-04
4.000000000000000000e+00 -2.141931800153408361e+01 4.247887478089831248e-01 8.305649422211095097e-04 1.446610571693830814e-04
4.000000000000000000e+00 -2.099452925372509426e+01 4.247887478089835689e-01 1.096841265268851682e-03 1.854079781360536616e-04
4.000000000000000000e+00 -2.056974050591610492e+01 4.247887478089835689e-01 1.430264478353461760e-03 2.341368135772052756e-04
4.000000000000000000e+00 -2.014495175810712269e+01 4.247887478089844571e-01 1.897020004455490577e-03 3.019523992160808457e-04
4.000000000000000000e+00 -1.972016301029813334e+01 4.247887478089849012e-01 3.900430985568632651e-03 9.287818694901096286e-04
4.000000000000000000e+00 -1.929537426248915111e+01 4.247887478089826807e-01 5.777741226286275608e-03 1.273842105092570353e-03
4.000000000000000000e+00 -1.887058551468016176e+01 4.247887478089831248e-01 9.587040646771540636e-03 1.964318437160482780e-03
4.000000000000000000e+00 -1.844579676687117953e+01 4.247887478089849012e-01 1.397958208379038170e-02 2.795916416758076253e-03
4.000000000000000000e+00 -1.802100801906219019e+01 4.247887478089840130e-01 1.319585062407334711e-02 2.639170124814669595e-03
4.000000000000000000e+00 -1.759621927125320795e+01 4.247887478089840130e-01 1.642190802802498059e-02 3.284381605604996552e-03
4.000000000000000000e+00 -1.717143052344421861e+01 4.247887478089840130e-01 2.086912840409389791e-02 4.173825680818780623e-03
4.000000000000000000e+00 -1.674664177563522927e+01 4.247887478089840130e-01 2.568087504049633082e-02 5.136175008099267553e-03
4.000000000000000000e+00 -1.632185302782624703e+01 4.247887478089840130e-01 3.093005318929899217e-02 6.186010637859800168e-03
5.000000000000000000e+00 -2.493150362686164456e+01 4.447304347826053217e-01 4.327842804125748752e-07 1.976087574269546315e-07
5.000000000000000000e+00 -2.448677319207903480e+01 4.447304347826048776e-01 1.712919298246579612e-06 4.017695060495998523e-07
5.000000000000000000e+00 -2.404204275729642859e+01 4.447304347826070980e-01 5.352451487465474134e-06 9.897929384843559265e-07
5.000000000000000000e+00 -2.359731232251382238e+01 4.447304347826053217e-01 2.030825824176337113e-05 3.463439919356465577e-06
5.000000000000000000e+00 -2.315258188773120906e+01 4.447304347826053217e-01 4.549545891500484437e-05 7.139906735656758433e-06
5.000000000000000000e+00 -2.270785145294859930e+01 4.447304347826053217e-01 1.278904358709896888e-04 2.919034882181731377e-05
5.000000000000000000e+00 -2.226312101816599309e+01 4.447304347826070980e-01 2.235553709548551953e-04 4.451012068889277081e-05
5.000000000000000000e+00 -2.181839058338338333e+01 4.447304347826070980e-01 3.460128456130376882e-04 6.218131611776426886e-05
5.000000000000000000e+00 -2.137366014860077712e+01 4.447304347826048776e-01 4.150508680833321922e-04 7.444560879174999968e-05
5.000000000000000000e+00 -2.092892971381816736e+01 4.447304347826053217e-01 6.407634552616302921e-04 1.105888943628785618e-04
5.000000000000000000e+00 -2.048419927903555404e+01 4.447304347826053217e-01 9.677164077494184065e-04 1.630786270275211183e-04
5.000000000000000000e+00 -2.003946884425294783e+01 4.447304347826070980e-01 1.721845255767453066e-03 4.714621722428586140e-04
5.000000000000000000e+00 -1.959473840947033807e+01 4.447304347826066540e-01 3.721968532669044268e-03 9.220008522642043815e-04
5.000000000000000000e+00 -1.915000797468773186e+01 4.447304347826053217e-01 5.617737551645349443e-03 1.288437938561225616e-03
5.000000000000000000e+00 -1.870527753990512210e+01 4.447304347826053217e-01 5.495990917399166259e-03 1.189012473029870190e-03
5.000000000000000000e+00 -1.826054710512251589e+01 4.447304347826070980e-01 6.835203894107163940e-03 1.390639647925497697e-03
5.000000000000000000e+00 -1.781581667033990612e+01 4.447304347826070980e-01 9.322313707993483758e-03 1.864462741598696838e-03
5.000000000000000000e+00 -1.737108623555729991e+01 4.447304347826044335e-01 1.309645936962525181e-02 2.619291873925050536e-03
5.000000000000000000e+00 -1.692635580077468660e+01 4.447304347826053217e-01 1.596620146257099471e-02 3.193240292514199028e-03
5.000000000000000000e+00 -1.648162536599207684e+01 4.064537448915164219e-01 2.156128078849189889e-02 4.312256157698379951e-03
5.000000000000000000e+00 -1.612362379501360365e+01 3.478260869565197311e-01 3.148885558725623285e-02 6.297771117451247264e-03
6.000000000000000000e+00 -2.420217923884379374e+01 4.862608695652155255e-01 5.537983510894393170e-07 2.157996508591908754e-07
6.000000000000000000e+00 -2.371591836927857955e+01 4.862608695652137492e-01 4.055253293179444598e-06 7.434067042437589489e-07
6.000000000000000000e+00 -2.322965749971335825e+01 4.862608695652133051e-01 1.224494808220225198e-05 2.214978914765661804e-06
6.000000000000000000e+00 -2.274339663014814050e+01 4.862608695652133051e-01 3.327900597873398504e-05 5.339731426999128045e-06
6.000000000000000000e+00 -2.225713576058292631e+01 4.862608695652159696e-01 6.045765599250699256e-05 9.184629143004402517e-06
6.000000000000000000e+00 -2.177087489101770501e+01 4.862608695652164137e-01 1.295447984545163359e-04 2.629085326294213463e-05
6.000000000000000000e+00 -2.128461402145249082e+01 4.862608695652133051e-01 2.545071885533888934e-04 4.658300988288185051e-05
6.000000000000000000e+00 -2.079835315188726952e+01 4.862608695652133051e-01 5.245960404537149254e-04 1.917014337971787742e-04
6.000000000000000000e+00 -2.031209228232205177e+01 4.862608695652133051e-01 1.208160578014616212e-03 3.837547346865441715e-04
6.000000000000000000e+00 -1.982583141275683758e+01 4.862608695652168578e-01 1.065088930618140767e-03 3.229373931095970950e-04
6.000000000000000000e+00 -1.933957054319161628e+01 4.862608695652150814e-01 1.955312514418384908e-03 5.380843877519378513e-04
6.000000000000000000e+00 -1.885330967362640209e+01 4.862608695652133051e-01 2.654773901690012181e-03 6.803192303099968525e-04
6.000000000000000000e+00 -1.836704880406118434e+01 4.862608695652133051e-01 3.322441589540194636e-03 7.998811695842830390e-04
6.000000000000000000e+00 -1.788078793449597015e+01 4.344848688564555417e-01 5.657608015028141660e-03 1.271318956827836378e-03
6.000000000000000000e+00 -1.751552045694385740e+01 3.478260869565197311e-01 8.267252073157468906e-03 1.757770453029412240e-03
6.000000000000000000e+00 -1.716769436998733767e+01 3.478260869565197311e-01 1.142303109033048110e-02 2.296021727329007871e-03
6.000000000000000000e+00 -1.681986828303081438e+01 3.478260869565197311e-01 1.513440500489311030e-02 3.026881000978622061e-03
6.000000000000000000e+00 -1.647204219607429110e+01 3.478260869565197311e-01 1.889022651124690547e-02 3.778045302249381614e-03
6.000000000000000000e+00 -1.612421610911777137e+01 3.478260869565197311e-01 1.971250695938353559e-02 3.942501391876706597e-03
7.000000000000000000e+00 -2.460114594352141992e+01 4.862608695652133051e-01 2.372348243117109469e-07 1.394313917331766200e-07
7.000000000000000000e+00 -2.411488507395620573e+01 4.862608695652159696e-01 1.203940192261039594e-06 3.212904962414553572e-07
7.000000000000000000e+00 -2.362862420439099154e+01 4.862608695652133051e-01 4.179017892986297265e-06 7.738023320191264236e-07
7.000000000000000000e+00 -2.314236333482577379e+01 4.862608695652133051e-01 7.960442929935630292e-06 1.455421292149029115e-06
7.000000000000000000e+00 -2.265610246526055249e+01 4.862608695652128610e-01 3.082107352089414752e-05 9.623268853158141296e-06
7.000000000000000000e+00 -2.216984159569533830e+01 4.862608695652159696e-01 4.099493333511732994e-05 1.117645042114310293e-05
7.000000000000000000e+00 -2.168358072613012055e+01 4.862608695652159696e-01 7.693083660257932395e-05 1.764561452717390005e-05
7.000000000000000000e+00 -2.119731985656490636e+01 4.862608695652133051e-01 1.434756392015983128e-04 2.809229085477312553e-05
7.000000000000000000e+00 -2.071105898699968506e+01 4.862608695652133051e-01 3.336828842119885885e-04 1.338837602410336786e-04
7.000000000000000000e+00 -2.022479811743446376e+01 4.862608695652128610e-01 3.654622065178926224e-04 1.382097234224403102e-04
7.000000000000000000e+00 -1.973853724786924957e+01 4.862608695652168578e-01 5.720278015062618768e-04 1.942162163803749743e-04
7.000000000000000000e+00 -1.925227637830403182e+01 4.862608695652150814e-01 9.692693303300583705e-04 2.963099346468833512e-04
7.000000000000000000e+00 -1.876601550873881763e+01 4.862608695652141932e-01 1.271172892236144443e-03 3.622205093196046236e-04
7.000000000000000000e+00 -1.827975463917359633e+01 4.851885275002114639e-01 2.213544388591368300e-03 5.791306239457714262e-04
7.000000000000000000e+00 -1.786378350297773210e+01 3.478260869565197311e-01 3.842978108486003099e-03 9.458970265393707583e-04
7.000000000000000000e+00 -1.751595741602120881e+01 3.478260869565197311e-01 5.309085363746557894e-03 1.230177636161048802e-03
7.000000000000000000e+00 -1.716813132906468908e+01 3.478260869565197311e-01 7.263895037427300222e-03 1.587960457568176947e-03
7.000000000000000000e+00 -1.682030524210816580e+01 3.478260869565197311e-01 9.729620875820053222e-03 2.013939041306754638e-03
7.000000000000000000e+00 -1.647247915515164252e+01 3.478260869565197311e-01 1.115130063849695957e-02 2.230260127699391828e-03
8.000000000000000000e+00 -2.411566324872604028e+01 4.516521739130396895e-01 8.510881924861808305e-08 8.564001129783196940e-08
8.000000000000000000e+00 -2.366401107481300059e+01 4.516521739130419100e-01 7.977388787492130312e-07 2.634676264734450230e-07
8.000000000000000000e+00 -2.321235890089996090e+01 4.516521739130401336e-01 3.476020700109039787e-06 2.690491757509022300e-06
8.000000000000000000e+00 -2.276070672698691411e+01 4.516521739130392454e-01 5.214031050163570692e-06 3.347708999826665060e-06
8.000000000000000000e+00 -2.230905455307386731e+01 4.516521739130401336e-01 9.312350516004879383e-06 4.338323489385557125e-06
8.000000000000000000e+00 -2.185740237916082762e+01 4.516521739130414659e-01 2.364900236662090011e-05 7.792477516343812900e-06
8.000000000000000000e+00 -2.140575020524778083e+01 4.516521739130423541e-01 3.636130257823361352e-05 1.007303236828555561e-05
8.000000000000000000e+00 -2.095409803133474114e+01 4.516521739130396895e-01 6.223688416720932833e-05 1.485541042499069801e-05
8.000000000000000000e+00 -2.050244585742169434e+01 4.516521739130405777e-01 8.550706897134109608e-05 4.900996745801992341e-05
8.000000000000000000e+00 -2.005079368350865110e+01 4.516521739130396895e-01 2.394197931197555461e-04 1.028276686915823680e-04
8.000000000000000000e+00 -1.959914150959560786e+01 4.516521739130414659e-01 2.736226207082909762e-04 1.100803357125053377e-04
8.000000000000000000e+00 -1.914748933568256462e+01 4.516521739130423541e-01 3.933325172681674618e-04 1.426710359310692669e-04
8.000000000000000000e+00 -1.869583716176952137e+01 4.516521739130396895e-01 7.695636207420713691e-04 2.441812541173136704e-04
8.000000000000000000e+00 -1.824418498785647813e+01 4.319776579349943191e-01 1.054937781947674728e-03 3.108105998622125426e-04
8.000000000000000000e+00 -1.786412037339974290e+01 3.478260869565197311e-01 2.042969094690868376e-03 5.550727676451138034e-04
8.000000000000000000e+00 -1.751629428644321962e+01 3.478260869565197311e-01 2.709154669046586437e-03 6.913743676534845044e-04
8.000000000000000000e+00 -1.716846819948669989e+01 3.478260869565197311e-01 4.352412419124023629e-03 1.035340489477209027e-03
8.000000000000000000e+00 -1.682064211253017660e+01 3.478260869565197311e-01 5.218453665786456849e-03 1.179965757054450212e-03
8.000000000000000000e+00 -1.647281602557365332e+01 3.478260869565197311e-01 5.640371196211745562e-03 1.217857473982444580e-03
9.000000000000000000e+00 -2.308178022018694620e+01 3.478260869565197311e-01 2.209686828553728166e-07 1.589152691525968636e-07
9.000000000000000000e+00 -2.238612804627390318e+01 3.478260869565197311e-01 2.256204828307431704e-06 2.398336446587476052e-06
9.000000000000000000e+00 -2.203830195931738345e+01 3.478260869565197311e-01 4.512409656614863408e-06 3.504143961607634495e-06
9.000000000000000000e+00 -2.134264978540433688e+01 3.478260869565197311e-01 6.768614484922294688e-06 4.274518811398058109e-06
9.000000000000000000e+00 -2.099482369844781715e+01 3.478260869565197311e-01 4.512409656614861714e-06 3.364778012791898963e-06
9.000000000000000000e+00 -2.064699761149129387e+01 3.478260869565197311e-01 9.889440071995415238e-06 4.829141456687645583e-06
9.000000000000000000e+00 -2.029917152453477414e+01 3.478260869565197311e-01 6.660079850324416358e-05 4.693490833884977621e-05
9.000000000000000000e+00 -1.995134543757825085e+01 3.478260869565197311e-01 6.660079850324415003e-05 4.599307367856816827e-05
9.000000000000000000e+00 -1.960351935062172757e+01 3.478260869565197311e-01 2.220026616774805001e-05 2.355989155463079053e-05
9.000000000000000000e+00 -1.925569326366520784e+01 3.478260869565197311e-01 1.998023955097324501e-04 9.421130238892421306e-05
9.000000000000000000e+00 -1.890786717670868455e+01 3.478260869565197311e-01 2.886034601807246501e-04 1.210402488530719448e-04
9.000000000000000000e+00 -1.856004108975216482e+01 3.478260869565197311e-01 3.330039925162207501e-04 1.309758325299892009e-04
9.000000000000000000e+00 -1.821221500279564154e+01 3.478260869565197311e-01 5.994071865291972960e-04 2.039512323672889162e-04
9.000000000000000000e+00 -1.786438891583912181e+01 3.478260869565197311e-01 9.102109128776699962e-04 2.812327898717329822e-04
9.000000000000000000e+00 -1.751656282888259852e+01 3.478260869565197311e-01 1.642819696413355592e-03 4.578559523171366746e-04
9.000000000000000000e+00 -1.716873674192607879e+01 3.478260869565197311e-01 1.620619430245608030e-03 4.343376179726737103e-04
9.000000000000000000e+00 -1.682091065496955551e+01 3.478260869565197311e-01 2.464229544620033605e-03 6.135933991192719797e-04
1.000000000000000000e+01 -1.960373909677932147e+01 3.478260869565197311e-01 8.878194893499885955e-05 5.533462084712997500e-05
1.000000000000000000e+01 -1.925591300982280174e+01 3.478260869565197311e-01 2.219548723374971489e-05 2.351716395230754285e-05
1.000000000000000000e+01 -1.890808692286627846e+01 3.478260869565197311e-01 8.878194893499885955e-05 5.322198231109340612e-05
1.000000000000000000e+01 -1.856026083590975873e+01 3.478260869565197311e-01 1.331729234024982961e-04 6.845113610606082841e-05
1.000000000000000000e+01 -1.821243474895323544e+01 3.478260869565197311e-01 2.441503595712468536e-04 1.031418679818053613e-04
1.000000000000000000e+01 -1.786460866199671571e+01 3.478260869565197311e-01 3.107368212724960152e-04 1.204365016296744952e-04
1.000000000000000000e+01 -1.751678257504019243e+01 3.478260869565197311e-01 5.992781553112422376e-04 1.968512229022356533e-04
1.000000000000000000e+01 -1.716895648808367270e+01 3.478260869565197311e-01 8.878194893499886768e-04 2.657794668396798194e-04
1.000000000000000000e+01 -1.682113040112714941e+01 3.478260869565197311e-01 9.987969255187373156e-04 2.845678527645079353e-04
