4.000000000000000000e+00 -2.600000000000000000e+01 0.000000000000000000e+00
4.000000000000000000e+00 -2.574358974358974450e+01 0.000000000000000000e+00
4.000000000000000000e+00 -2.548717948717948900e+01 0.000000000000000000e+00
4.000000000000000000e+00 -2.523076923076922995e+01 2.151651043055985003e-10
4.000000000000000000e+00 -2.497435897435897445e+01 6.663077854464929711e-09
4.000000000000000000e+00 -2.471794871794871895e+01 5.244006872182656878e-08
4.000000000000000000e+00 -2.446153846153845990e+01 3.011194661340937934e-07
4.000000000000000000e+00 -2.420512820512820440e+01 1.334703356550589208e-06
4.000000000000000000e+00 -2.394871794871794890e+01 4.760201580852972325e-06
4.000000000000000000e+00 -2.369230769230769340e+01 1.406135769365785016e-05
4.000000000000000000e+00 -2.343589743589743790e+01 3.508500438474475812e-05
4.000000000000000000e+00 -2.317948717948717885e+01 7.507299726344456958e-05
4.000000000000000000e+00 -2.292307692307692335e+01 1.399933339637450449e-04
4.000000000000000000e+00 -2.266666666666666785e+01 2.322185202133653233e-04
4.000000000000000000e+00 -2.241025641025640880e+01 3.509532472823927900e-04
4.000000000000000000e+00 -2.215384615384615330e+01 4.946656796052995887e-04
4.000000000000000000e+00 -2.189743589743589780e+01 6.632410890473025870e-04
4.000000000000000000e+00 -2.164102564102564230e+01 8.583801820988869180e-04
4.000000000000000000e+00 -2.138461538461538680e+01 1.083162245536665146e-03
4.000000000000000000e+00 -2.112820512820512775e+01 1.343479413505636703e-03
4.000000000000000000e+00 -2.087179487179487225e+01 1.644130328329489622e-03
4.000000000000000000e+00 -2.061538461538461675e+01 2.000059973582639199e-03
4.000000000000000000e+00 -2.035897435897435770e+01 2.403666961500372859e-03
4.000000000000000000e+00 -2.010256410256410220e+01 2.876028184060013849e-03
4.000000000000000000e+00 -1.984615384615384670e+01 3.443252724838100076e-03
4.000000000000000000e+00 -1.958974358974359120e+01 4.090058909631644028e-03
4.000000000000000000e+00 -1.933333333333333570e+01 4.830924745625990099e-03
4.000000000000000000e+00 -1.907692307692307665e+01 5.696408577584097764e-03
4.000000000000000000e+00 -1.882051282051282115e+01 6.692134512292792145e-03
4.000000000000000000e+00 -1.856410256410256565e+01 7.916918582521172143e-03
4.000000000000000000e+00 -1.830769230769230660e+01 9.274113165234892237e-03
4.000000000000000000e+00 -1.805128205128205110e+01 1.088608064268473292e-02
4.000000000000000000e+00 -1.779487179487179560e+01 1.275126773075602876e-02
4.000000000000000000e+00 -1.753846153846154010e+01 1.494094161375300947e-02
4.000000000000000000e+00 -1.728205128205128460e+01 1.731726324314827870e-02
4.000000000000000000e+00 -1.702564102564102555e+01 2.036605381333456144e-02
4.000000000000000000e+00 -1.676923076923077005e+01 2.366139266027392565e-02
4.000000000000000000e+00 -1.651282051282051455e+01 2.733240249434020636e-02
4.000000000000000000e+00 -1.625641025641025550e+01 3.178846279627176030e-02
4.000000000000000000e+00 -1.600000000000000000e+01 3.703290028627222868e-02
5.000000000000000000e+00 -2.600000000000000000e+01 0.000000000000000000e+00
5.000000000000000000e+00 -2.574358974358974450e+01 1.763302374512448485e-11
5.000000000000000000e+00 -2.548717948717948900e+01 3.608396869456935232e-10
5.000000000000000000e+00 -2.523076923076922995e+01 4.478201143571782651e-09
5.000000000000000000e+00 -2.497435897435897445e+01 3.683833915700774855e-08
5.000000000000000000e+00 -2.471794871794871895e+01 2.145932857419436567e-07
5.000000000000000000e+00 -2.446153846153845990e+01 9.297434893293080561e-07
5.000000000000000000e+00 -2.420512820512820440e+01 3.111528871176192591e-06
5.000000000000000000e+00 -2.394871794871794890e+01 8.320562431959031236e-06
5.000000000000000000e+00 -2.369230769230769340e+01 1.841554584534105981e-05
5.000000000000000000e+00 -2.343589743589743790e+01 3.501665858640510876e-05
5.000000000000000000e+00 -2.317948717948717885e+01 5.928582281245747669e-05
5.000000000000000000e+00 -2.292307692307692335e+01 9.214435890428625893e-05
5.000000000000000000e+00 -2.266666666666666785e+01 1.345988463305969004e-04
5.000000000000000000e+00 -2.241025641025640880e+01 1.879124457275419924e-04
5.000000000000000000e+00 -2.215384615384615330e+01 2.539294886603452213e-04
5.000000000000000000e+00 -2.189743589743589780e+01 3.347400184929943913e-04
5.000000000000000000e+00 -2.164102564102564230e+01 4.338340741555974820e-04
5.000000000000000000e+00 -2.138461538461538680e+01 5.534466681182055895e-04
5.000000000000000000e+00 -2.112820512820512775e+01 6.972076158977874496e-04
5.000000000000000000e+00 -2.087179487179487225e+01 8.742772905382653397e-04
5.000000000000000000e+00 -2.061538461538461675e+01 1.082314300552552049e-03
5.000000000000000000e+00 -2.035897435897435770e+01 1.335305020512245720e-03
5.000000000000000000e+00 -2.010256410256410220e+01 1.643045644133723452e-03
5.000000000000000000e+00 -1.984615384615384670e+01 2.000427089453915130e-03
5.000000000000000000e+00 -1.958974358974359120e+01 2.437616367562673962e-03
5.000000000000000000e+00 -1.933333333333333570e+01 2.929964691462851132e-03
5.000000000000000000e+00 -1.907692307692307665e+01 3.541106186145530875e-03
5.000000000000000000e+00 -1.882051282051282115e+01 4.266178373277825127e-03
5.000000000000000000e+00 -1.856410256410256565e+01 5.110462232445196415e-03
5.000000000000000000e+00 -1.830769230769230660e+01 6.095378505496870311e-03
5.000000000000000000e+00 -1.805128205128205110e+01 7.281028032754989845e-03
5.000000000000000000e+00 -1.779487179487179560e+01 8.725492000672175480e-03
5.000000000000000000e+00 -1.753846153846154010e+01 1.031496797964332086e-02
5.000000000000000000e+00 -1.728205128205128460e+01 1.217017008308459228e-02
5.000000000000000000e+00 -1.702564102564102555e+01 1.437396100637331788e-02
5.000000000000000000e+00 -1.676923076923077005e+01 1.697301322339627924e-02
5.000000000000000000e+00 -1.651282051282051455e+01 2.003565963871177871e-02
5.000000000000000000e+00 -1.625641025641025550e+01 2.364814739890191975e-02
5.000000000000000000e+00 -1.600000000000000000e+01 2.790056775096706049e-02
6.000000000000000000e+00 -2.600000000000000000e+01 4.668672585647445832e-12
6.000000000000000000e+00 -2.574358974358974450e+01 1.091070857726068313e-10
6.000000000000000000e+00 -2.548717948717948900e+01 1.470467034611958321e-09
6.000000000000000000e+00 -2.523076923076922995e+01 1.245325352472155040e-08
6.000000000000000000e+00 -2.497435897435897445e+01 7.098536610828344879e-08
6.000000000000000000e+00 -2.471794871794871895e+01 2.893572497090301224e-07
6.000000000000000000e+00 -2.446153846153845990e+01 8.947463842376164590e-07
6.000000000000000000e+00 -2.420512820512820440e+01 2.222836171522533512e-06
6.000000000000000000e+00 -2.394871794871794890e+01 4.674070961429561612e-06
6.000000000000000000e+00 -2.369230769230769340e+01 8.683932400976939627e-06
6.000000000000000000e+00 -2.343589743589743790e+01 1.473043283509791216e-05
6.000000000000000000e+00 -2.317948717948717885e+01 2.337126410566711540e-05
6.000000000000000000e+00 -2.292307692307692335e+01 3.529330327718661030e-05
6.000000000000000000e+00 -2.266666666666666785e+01 5.117276720183097215e-05
6.000000000000000000e+00 -2.241025641025640880e+01 7.242687586595458011e-05
6.000000000000000000e+00 -2.215384615384615330e+01 9.973902238172108485e-05
6.000000000000000000e+00 -2.189743589743589780e+01 1.348963834384339893e-04
6.000000000000000000e+00 -2.164102564102564230e+01 1.798990720386543318e-04
6.000000000000000000e+00 -2.138461538461538680e+01 2.368564236248625349e-04
6.000000000000000000e+00 -2.112820512820512775e+01 3.079208823032651091e-04
6.000000000000000000e+00 -2.087179487179487225e+01 3.952147258127953512e-04
6.000000000000000000e+00 -2.061538461538461675e+01 5.060822388606894037e-04
6.000000000000000000e+00 -2.035897435897435770e+01 6.421629847312497171e-04
6.000000000000000000e+00 -2.010256410256410220e+01 8.118915879783297849e-04
6.000000000000000000e+00 -1.984615384615384670e+01 1.017944324974154584e-03
6.000000000000000000e+00 -1.958974358974359120e+01 1.271751347302632618e-03
6.000000000000000000e+00 -1.933333333333333570e+01 1.579579960851645436e-03
6.000000000000000000e+00 -1.907692307692307665e+01 1.946795694865354354e-03
6.000000000000000000e+00 -1.882051282051282115e+01 2.389252496013096611e-03
6.000000000000000000e+00 -1.856410256410256565e+01 2.953494382137811930e-03
6.000000000000000000e+00 -1.830769230769230660e+01 3.617781195982019277e-03
6.000000000000000000e+00 -1.805128205128205110e+01 4.403504846073769130e-03
6.000000000000000000e+00 -1.779487179487179560e+01 5.345590179714865275e-03
6.000000000000000000e+00 -1.753846153846154010e+01 6.474758508992251721e-03
6.000000000000000000e+00 -1.728205128205128460e+01 7.816438557240849155e-03
6.000000000000000000e+00 -1.702564102564102555e+01 9.387037646651085962e-03
6.000000000000000000e+00 -1.676923076923077005e+01 1.121185484012131826e-02
6.000000000000000000e+00 -1.651282051282051455e+01 1.337403310634154019e-02
6.000000000000000000e+00 -1.625641025641025550e+01 1.601299588421347536e-02
6.000000000000000000e+00 -1.600000000000000000e+01 1.923042225930152865e-02
7.000000000000000000e+00 -2.600000000000000000e+01 1.497403854403182185e-11
7.000000000000000000e+00 -2.574358974358974450e+01 2.163804708665439213e-10
7.000000000000000000e+00 -2.548717948717948900e+01 1.856655748490464211e-09
7.000000000000000000e+00 -2.523076923076922995e+01 1.038235117920866910e-08
7.000000000000000000e+00 -2.497435897435897445e+01 4.128921614134587952e-08
7.000000000000000000e+00 -2.471794871794871895e+01 1.263349895904835412e-07
7.000000000000000000e+00 -2.446153846153845990e+01 3.174880999637384758e-07
7.000000000000000000e+00 -2.420512820512820440e+01 6.896989223007196148e-07
7.000000000000000000e+00 -2.394871794871794890e+01 1.343251259607736215e-06
7.000000000000000000e+00 -2.369230769230769340e+01 2.414613312587684737e-06
7.000000000000000000e+00 -2.343589743589743790e+01 4.078909809907113348e-06
7.000000000000000000e+00 -2.317948717948717885e+01 6.561933854664811597e-06
7.000000000000000000e+00 -2.292307692307692335e+01 1.015769004964891953e-05
7.000000000000000000e+00 -2.266666666666666785e+01 1.524498534624217915e-05
7.000000000000000000e+00 -2.241025641025640880e+01 2.237358499273628355e-05
7.000000000000000000e+00 -2.215384615384615330e+01 3.212058826521439048e-05
7.000000000000000000e+00 -2.189743589743589780e+01 4.508299307699235674e-05
7.000000000000000000e+00 -2.164102564102564230e+01 6.249438940533167145e-05
7.000000000000000000e+00 -2.138461538461538680e+01 8.593446190452625920e-05
7.000000000000000000e+00 -2.112820512820512775e+01 1.154795997554885421e-04
7.000000000000000000e+00 -2.087179487179487225e+01 1.550932302561256631e-04
7.000000000000000000e+00 -2.061538461538461675e+01 2.052320523951133837e-04
7.000000000000000000e+00 -2.035897435897435770e+01 2.690434093724957602e-04
7.000000000000000000e+00 -2.010256410256410220e+01 3.518263455411296879e-04
7.000000000000000000e+00 -1.984615384615384670e+01 4.542642493608915950e-04
7.000000000000000000e+00 -1.958974358974359120e+01 5.888267515601012386e-04
7.000000000000000000e+00 -1.933333333333333570e+01 7.487344996910917042e-04
7.000000000000000000e+00 -1.907692307692307665e+01 9.473188412968515729e-04
7.000000000000000000e+00 -1.882051282051282115e+01 1.196209440312543098e-03
7.000000000000000000e+00 -1.856410256410256565e+01 1.505999896306356878e-03
7.000000000000000000e+00 -1.830769230769230660e+01 1.890969715065436924e-03
7.000000000000000000e+00 -1.805128205128205110e+01 2.369154419129709723e-03
7.000000000000000000e+00 -1.779487179487179560e+01 2.954845397049446487e-03
7.000000000000000000e+00 -1.753846153846154010e+01 3.650824638879919884e-03
7.000000000000000000e+00 -1.728205128205128460e+01 4.468844548775392778e-03
7.000000000000000000e+00 -1.702564102564102555e+01 5.465828251393653123e-03
7.000000000000000000e+00 -1.676923076923077005e+01 6.726697539934709154e-03
7.000000000000000000e+00 -1.651282051282051455e+01 8.273781303655740327e-03
7.000000000000000000e+00 -1.625641025641025550e+01 1.005174250562035354e-02
7.000000000000000000e+00 -1.600000000000000000e+01 1.210230360012276574e-02
8.000000000000000000e+00 -2.600000000000000000e+01 1.328327391053473442e-11
8.000000000000000000e+00 -2.574358974358974450e+01 1.198061513213363572e-10
8.000000000000000000e+00 -2.548717948717948900e+01 7.001100945710403513e-10
8.000000000000000000e+00 -2.523076923076922995e+01 2.939623683828567914e-09
8.000000000000000000e+00 -2.497435897435897445e+01 9.636989728865235656e-09
8.000000000000000000e+00 -2.471794871794871895e+01 2.627655770618658697e-08
8.000000000000000000e+00 -2.446153846153845990e+01 6.237783891572117739e-08
8.000000000000000000e+00 -2.420512820512820440e+01 1.330710349284105311e-07
8.000000000000000000e+00 -2.394871794871794890e+01 2.619966586226973203e-07
8.000000000000000000e+00 -2.369230769230769340e+01 4.840449285786789016e-07
8.000000000000000000e+00 -2.343589743589743790e+01 8.509110752715892786e-07
8.000000000000000000e+00 -2.317948717948717885e+01 1.432148345226700058e-06
8.000000000000000000e+00 -2.292307692307692335e+01 2.334453618313134466e-06
8.000000000000000000e+00 -2.266666666666666785e+01 3.680149552630715025e-06
8.000000000000000000e+00 -2.241025641025640880e+01 5.651105949610801672e-06
8.000000000000000000e+00 -2.215384615384615330e+01 8.565910964667727059e-06
8.000000000000000000e+00 -2.189743589743589780e+01 1.266316143569015071e-05
8.000000000000000000e+00 -2.164102564102564230e+01 1.830721297739093089e-05
8.000000000000000000e+00 -2.138461538461538680e+01 2.628667095098593460e-05
8.000000000000000000e+00 -2.112820512820512775e+01 3.722065300062137559e-05
8.000000000000000000e+00 -2.087179487179487225e+01 5.208654095022658450e-05
8.000000000000000000e+00 -2.061538461538461675e+01 7.147745551968198577e-05
8.000000000000000000e+00 -2.035897435897435770e+01 9.819875598356017339e-05
8.000000000000000000e+00 -2.010256410256410220e+01 1.337343881702554235e-04
8.000000000000000000e+00 -1.984615384615384670e+01 1.791515608643163139e-04
8.000000000000000000e+00 -1.958974358974359120e+01 2.382081422140072333e-04
8.000000000000000000e+00 -1.933333333333333570e+01 3.151736412803262310e-04
8.000000000000000000e+00 -1.907692307692307665e+01 4.147388920897121046e-04
8.000000000000000000e+00 -1.882051282051282115e+01 5.412097255791194260e-04
8.000000000000000000e+00 -1.856410256410256565e+01 6.981297450164118679e-04
8.000000000000000000e+00 -1.830769230769230660e+01 8.929480104882323152e-04
8.000000000000000000e+00 -1.805128205128205110e+01 1.144269895390609589e-03
8.000000000000000000e+00 -1.779487179487179560e+01 1.471155891560749739e-03
8.000000000000000000e+00 -1.753846153846154010e+01 1.869743179369745068e-03
8.000000000000000000e+00 -1.728205128205128460e+01 2.339794019969644503e-03
8.000000000000000000e+00 -1.702564102564102555e+01 2.934626623217368412e-03
8.000000000000000000e+00 -1.676923076923077005e+01 3.706469915300293454e-03
8.000000000000000000e+00 -1.651282051282051455e+01 4.628538505289764640e-03
8.000000000000000000e+00 -1.625641025641025550e+01 5.698535705870432649e-03
8.000000000000000000e+00 -1.600000000000000000e+01 7.044074582077555421e-03
9.000000000000000000e+00 -2.600000000000000000e+01 3.406696660016854799e-12
9.000000000000000000e+00 -2.574358974358974450e+01 2.257676243096446881e-11
9.000000000000000000e+00 -2.548717948717948900e+01 1.079769650848219669e-10
9.000000000000000000e+00 -2.523076923076922995e+01 4.044653813688162503e-10
9.000000000000000000e+00 -2.497435897435897445e+01 1.260461038999798938e-09
9.000000000000000000e+00 -2.471794871794871895e+01 3.410806663150254644e-09
9.000000000000000000e+00 -2.446153846153845990e+01 8.265833610465925130e-09
9.000000000000000000e+00 -2.420512820512820440e+01 1.835426442589713737e-08
9.000000000000000000e+00 -2.394871794871794890e+01 3.816650968286108021e-08
9.000000000000000000e+00 -2.369230769230769340e+01 7.455179593747577922e-08
9.000000000000000000e+00 -2.343589743589743790e+01 1.386232938596679399e-07
9.000000000000000000e+00 -2.317948717948717885e+01 2.494921981363940347e-07
9.000000000000000000e+00 -2.292307692307692335e+01 4.300791714410092467e-07
9.000000000000000000e+00 -2.266666666666666785e+01 7.247823016331496020e-07
9.000000000000000000e+00 -2.241025641025640880e+01 1.181281698217113092e-06
9.000000000000000000e+00 -2.215384615384615330e+01 1.899196937822786383e-06
9.000000000000000000e+00 -2.189743589743589780e+01 2.968449414008644528e-06
9.000000000000000000e+00 -2.164102564102564230e+01 4.552938203479993081e-06
9.000000000000000000e+00 -2.138461538461538680e+01 6.876337765700721779e-06
9.000000000000000000e+00 -2.112820512820512775e+01 1.024443279317458828e-05
9.000000000000000000e+00 -2.087179487179487225e+01 1.509904237795265761e-05
9.000000000000000000e+00 -2.061538461538461675e+01 2.172825114553590599e-05
9.000000000000000000e+00 -2.035897435897435770e+01 3.096239257551601932e-05
9.000000000000000000e+00 -2.010256410256410220e+01 4.377214791658743293e-05
9.000000000000000000e+00 -1.984615384615384670e+01 6.140784595575231103e-05
9.000000000000000000e+00 -1.958974358974359120e+01 8.548383688694515480e-05
9.000000000000000000e+00 -1.933333333333333570e+01 1.175745364852124383e-04
9.000000000000000000e+00 -1.907692307692307665e+01 1.590224704428965354e-04
9.000000000000000000e+00 -1.882051282051282115e+01 2.131438617168742908e-04
9.000000000000000000e+00 -1.856410256410256565e+01 2.870178341492429308e-04
9.000000000000000000e+00 -1.830769230769230660e+01 3.845446739553878726e-04
9.000000000000000000e+00 -1.805128205128205110e+01 5.042238982874392653e-04
9.000000000000000000e+00 -1.779487179487179560e+01 6.582058852333935641e-04
9.000000000000000000e+00 -1.753846153846154010e+01 8.666474455653969816e-04
9.000000000000000000e+00 -1.728205128205128460e+01 1.124808471796389861e-03
9.000000000000000000e+00 -1.702564102564102555e+01 1.436487484740760082e-03
9.000000000000000000e+00 -1.676923076923077005e+01 1.849321635671079267e-03
9.000000000000000000e+00 -1.651282051282051455e+01 2.380479258146068772e-03
9.000000000000000000e+00 -1.625641025641025550e+01 3.005865344018403534e-03
9.000000000000000000e+00 -1.600000000000000000e+01 3.779441716289386882e-03
1.000000000000000000e+01 -2.600000000000000000e+01 3.450008079092904875e-13
1.000000000000000000e+01 -2.574358974358974450e+01 2.008820708290993562e-12
1.000000000000000000e+01 -2.548717948717948900e+01 9.088303594841915782e-12
1.000000000000000000e+01 -2.523076923076922995e+01 3.385796907085208145e-11
1.000000000000000000e+01 -2.497435897435897445e+01 1.084145214885613131e-10
1.000000000000000000e+01 -2.471794871794871895e+01 3.082089234496923907e-10
1.000000000000000000e+01 -2.446153846153845990e+01 7.950367032494394077e-10
1.000000000000000000e+01 -2.420512820512820440e+01 1.900164453551412231e-09
1.000000000000000000e+01 -2.394871794871794890e+01 4.254527998611842839e-09
1.000000000000000000e+01 -2.369230769230769340e+01 8.948180253773651397e-09
1.000000000000000000e+01 -2.343589743589743790e+01 1.807048805824788067e-08
1.000000000000000000e+01 -2.317948717948717885e+01 3.469450579600977199e-08
1.000000000000000000e+01 -2.292307692307692335e+01 6.491346812978249136e-08
1.000000000000000000e+01 -2.266666666666666785e+01 1.170790032272770947e-07
1.000000000000000000e+01 -2.241025641025640880e+01 2.053328639772324552e-07
1.000000000000000000e+01 -2.215384615384615330e+01 3.511203557597337091e-07
1.000000000000000000e+01 -2.189743589743589780e+01 5.877956251919525097e-07
1.000000000000000000e+01 -2.164102564102564230e+01 9.568037015780848159e-07
1.000000000000000000e+01 -2.138461538461538680e+01 1.526375148326903011e-06
1.000000000000000000e+01 -2.112820512820512775e+01 2.413138786243743589e-06
1.000000000000000000e+01 -2.087179487179487225e+01 3.743528800988687454e-06
1.000000000000000000e+01 -2.061538461538461675e+01 5.697999070921017599e-06
1.000000000000000000e+01 -2.035897435897435770e+01 8.528148875691655002e-06
1.000000000000000000e+01 -2.010256410256410220e+01 1.261787064328534957e-05
1.000000000000000000e+01 -1.984615384615384670e+01 1.857972117618012062e-05
1.000000000000000000e+01 -1.958974358974359120e+01 2.707900065805907283e-05
1.000000000000000000e+01 -1.933333333333333570e+01 3.853355319438631402e-05
1.000000000000000000e+01 -1.907692307692307665e+01 5.418466098019364202e-05
1.000000000000000000e+01 -1.882051282051282115e+01 7.665531655599375628e-05
1.000000000000000000e+01 -1.856410256410256565e+01 1.067171900666886807e-04
1.000000000000000000e+01 -1.830769230769230660e+01 1.454832342097656388e-04
1.000000000000000000e+01 -1.805128205128205110e+01 1.999487203318379373e-04
1.000000000000000000e+01 -1.779487179487179560e+01 2.723894392488535954e-04
1.000000000000000000e+01 -1.753846153846154010e+01 3.625926110769888831e-04
1.000000000000000000e+01 -1.728205128205128460e+01 4.860685394758133956e-04
1.000000000000000000e+01 -1.702564102564102555e+01 6.500979488457451182e-04
1.000000000000000000e+01 -1.676923076923077005e+01 8.493982543852795662e-04
1.000000000000000000e+01 -1.651282051282051455e+01 1.110861936979261637e-03
1.000000000000000000e+01 -1.625641025641025550e+01 1.462478461955125540e-03
1.000000000000000000e+01 -1.600000000000000000e+01 1.891426256440304843e-03
