4.000000000000000000e+00 -2.439655926561649224e+01 6.150814159292035121e-01 3.761700251863540433e-06 3.009360201490832177e-06
4.000000000000000000e+00 -2.378147784968728828e+01 6.150814159292039562e-01 1.128510075559061241e-05 6.771060453354367952e-06
4.000000000000000000e+00 -2.316639643375808433e+01 6.150814159292035121e-01 1.083369672536699550e-04 2.166739345073398964e-05
4.000000000000000000e+00 -2.255131501782888037e+01 6.150814159292030681e-01 2.588049773282117519e-04 5.176099546564235716e-05
4.000000000000000000e+00 -2.193623360189967642e+01 6.150814159292039562e-01 5.251333551601498808e-04 1.050266710320299707e-04
4.000000000000000000e+00 -2.132115218597047246e+01 6.150814159292035121e-01 1.221800241805277723e-03 2.443600483610555555e-04
4.000000000000000000e+00 -2.070607077004126850e+01 6.149834100891120592e-01 1.712598836714600455e-03 3.425197673429200584e-04
4.000000000000000000e+00 -2.009355462642804113e+01 6.069696493142671123e-01 2.329877899827430179e-03 4.659755799654860466e-04
4.000000000000000000e+00 -1.949275614712878735e+01 5.949833293291661995e-01 3.399560670568787819e-03 6.799121341137576071e-04
4.000000000000000000e+00 -1.861233497122780989e+01 5.794744649291274641e-01 8.113461731848558081e-03 1.622692346369711790e-03
4.000000000000000000e+00 -1.747094757006436438e+01 5.626615661236238353e-01 2.255106138035513699e-02 4.510212276071028439e-03
4.000000000000000000e+00 -1.635947080837805601e+01 5.494054520853559609e-01 2.427436058419297008e-02 7.361482009224378127e-03
5.000000000000000000e+00 -2.502887190497379422e+01 6.448999999999998067e-01 7.181214265799997347e-07 7.181214265799997347e-07
5.000000000000000000e+00 -2.438397190497379441e+01 6.448999999999998067e-01 2.872485706319998939e-06 1.436242853159999469e-06
5.000000000000000000e+00 -2.373907190497379460e+01 6.449000000000002508e-01 2.010739994423998029e-05 5.026849986059995072e-06
5.000000000000000000e+00 -2.309417190497379124e+01 6.448999999999998067e-01 6.606717124535997686e-05 1.321343424907199740e-05
5.000000000000000000e+00 -2.244927190497379144e+01 6.449000000000002508e-01 1.881478137639598625e-04 3.762956275279197250e-05
5.000000000000000000e+00 -2.180437190497379163e+01 6.449000000000002508e-01 4.193829131227195714e-04 8.387658262454392784e-05
5.000000000000000000e+00 -2.115947190497379182e+01 6.448999999999993626e-01 6.312287339638203388e-04 1.262457467927640840e-04
5.000000000000000000e+00 -2.051457190497379202e+01 6.439678759195679447e-01 1.146342451787922458e-03 2.292684903575845079e-04
5.000000000000000000e+00 -1.987671007261613099e+01 6.273833430033781688e-01 1.593712284404287831e-03 3.187424568808575878e-04
5.000000000000000000e+00 -1.895784301414301609e+01 5.992062472812840213e-01 3.570720893973380883e-03 7.141441787946762199e-04
5.000000000000000000e+00 -1.778930695736729461e+01 5.710843823815654474e-01 7.120073785411075787e-03 1.424014757082215201e-03
5.000000000000000000e+00 -1.666854559572685091e+01 5.509341856691918338e-01 2.111592815186374983e-02 6.170020407431525168e-03
6.000000000000000000e+00 -2.444394303795193935e+01 7.069999999999998508e-01 1.310775082856950898e-06 1.310775082856950898e-06
6.000000000000000000e+00 -2.373694303795193861e+01 7.069999999999998508e-01 9.175425579998656924e-06 3.276937707142377352e-06
6.000000000000000000e+00 -2.302994303795193787e+01 7.069999999999998508e-01 3.342476461285225119e-05 7.209262955713228988e-06
6.000000000000000000e+00 -2.232294303795193713e+01 7.070000000000002949e-01 1.107604945014122744e-04 2.215209890028245487e-05
6.000000000000000000e+00 -2.161594303795193639e+01 7.069999999999998508e-01 2.077578506328267192e-04 4.155157012656535197e-05
6.000000000000000000e+00 -2.090894303795193920e+01 7.070000000000007390e-01 4.745005799942156191e-04 9.490011599884312925e-05
6.000000000000000000e+00 -2.020194303795193846e+01 7.005510402121055691e-01 7.586495959268553003e-04 1.517299191853710980e-04
6.000000000000000000e+00 -1.920035013317643191e+01 6.324473207418961351e-01 2.066057225627596517e-03 4.132114451255192600e-04
6.000000000000000000e+00 -1.800346384655622956e+01 5.714547816099457833e-01 6.778631128871830114e-03 1.355726225774365806e-03
6.000000000000000000e+00 -1.689724450943686307e+01 5.385495590724325154e-01 1.471255268178981411e-02 4.525615620246457686e-03
7.000000000000000000e+00 -2.388570439120589484e+01 7.069999999999998508e-01 6.556322857017178068e-07 1.311264571403435614e-06
7.000000000000000000e+00 -2.317870439120589410e+01 7.069999999999998508e-01 2.688092371377043103e-05 7.211955142718895346e-06
7.000000000000000000e+00 -2.247170439120589691e+01 7.070000000000002949e-01 3.081471742798071140e-05 9.834484285525761914e-06
7.000000000000000000e+00 -2.176470439120589617e+01 7.069999999999998508e-01 1.298151925689400993e-04 2.596303851378802324e-05
7.000000000000000000e+00 -2.105770439120589543e+01 7.069999999999998508e-01 1.855439368535861456e-04 4.327173085631338224e-05
7.000000000000000000e+00 -2.035070439120589469e+01 7.064752375884202351e-01 3.864542573929860992e-04 8.267102959510399108e-05
7.000000000000000000e+00 -1.965692027534684883e+01 6.667672637293238225e-01 8.147663570389742033e-04 2.335848941681700948e-04
7.000000000000000000e+00 -1.901742541161235067e+01 6.166824745646026784e-01 1.077120593891114442e-03 3.149431464343175084e-04
7.000000000000000000e+00 -1.813263989227772299e+01 5.682885470922558468e-01 4.698219739549635947e-03 1.174554934887408987e-03
7.000000000000000000e+00 -1.703555301244086451e+01 5.334300886722767032e-01 7.229788004357290583e-03 2.519998222672613277e-03
8.000000000000000000e+00 -2.299584135917725547e+01 6.552499999999996660e-01 2.122833840890396128e-06 1.415222560593597207e-06
8.000000000000000000e+00 -2.234059135917725669e+01 6.552500000000001101e-01 8.491335363561577736e-06 2.830445121187192720e-06
8.000000000000000000e+00 -2.168534135917725791e+01 6.552499999999996660e-01 2.901206249216875047e-05 7.783724083264785803e-06
8.000000000000000000e+00 -2.070246635917725797e+01 6.552500000000005542e-01 8.491335363561573670e-05 2.830445121187191110e-05
8.000000000000000000e+00 -1.972211566088018131e+01 6.383512566377680386e-01 4.772076850976913055e-04 1.692380374851781507e-04
8.000000000000000000e+00 -1.881295711730878395e+01 5.795105124222708071e-01 8.801022753221141850e-04 2.720316123722898646e-04
8.000000000000000000e+00 -1.770173686294550919e+01 5.375581066595795932e-01 2.604853508345408158e-03 9.832890726866772447e-04
9.000000000000000000e+00 -2.197693478404119460e+01 8.000000000000000444e-01 9.275286773040425424e-07 9.275286773040425424e-07
9.000000000000000000e+00 -2.117693478404119389e+01 8.000000000000000444e-01 6.492700741128297267e-06 2.782586031912127521e-06
9.000000000000000000e+00 -2.037693478404119318e+01 8.000000000000000444e-01 2.411574560990510462e-05 8.347758095736383411e-06
9.000000000000000000e+00 -1.917693478404119389e+01 8.000000000000000444e-01 1.734478626558559502e-04 1.391293015956063608e-04
9.000000000000000000e+00 -1.797693478404119460e+01 8.000000000000000444e-01 8.561089691516312987e-04 4.646918673293253172e-04
1.000000000000000000e+01 -2.130675342345706369e+01 8.000000000000000444e-01 9.276935107398622009e-07 9.276935107398622009e-07
1.000000000000000000e+01 -2.030675342345706369e+01 8.000000000000000444e-01 9.276935107398624338e-06 4.638467553699312169e-06
1.000000000000000000e+01 -1.930675342345706369e+01 8.000000000000000444e-01 3.154157936515531970e-05 2.040925723627697117e-05
1.000000000000000000e+01 -1.830675342345706369e+01 8.000000000000000444e-01 1.762617670405738370e-04 1.113232212887834717e-04
1.000000000000000000e+01 -1.730675342345706369e+01 8.000000000000000444e-01 5.844469117661133147e-04 4.824006255847283504e-04
