4.000000000000000000e+00 -2.600000000000000000e+01 0.000000000000000000e+00
4.000000000000000000e+00 -2.574358974358974450e+01 0.000000000000000000e+00
4.000000000000000000e+00 -2.548717948717948900e+01 1.745463861642120651e-11
4.000000000000000000e+00 -2.523076923076922995e+01 3.757273274201709086e-10
4.000000000000000000e+00 -2.497435897435897445e+01 4.805305252030454152e-09
4.000000000000000000e+00 -2.471794871794871895e+01 4.066916535980390742e-08
4.000000000000000000e+00 -2.446153846153845990e+01 2.473814510451736484e-07
4.000000000000000000e+00 -2.420512820512820440e+01 1.151267349123641747e-06
4.000000000000000000e+00 -2.394871794871794890e+01 4.292000277058100317e-06
4.000000000000000000e+00 -2.369230769230769340e+01 1.323372741418937258e-05
4.000000000000000000e+00 -2.343589743589743790e+01 3.442990565631790314e-05
4.000000000000000000e+00 -2.317948717948717885e+01 7.649092187765446280e-05
4.000000000000000000e+00 -2.292307692307692335e+01 1.466650826223280663e-04
4.000000000000000000e+00 -2.266666666666666785e+01 2.468380582226200682e-04
4.000000000000000000e+00 -2.241025641025640880e+01 3.738580708632919299e-04
4.000000000000000000e+00 -2.215384615384615330e+01 5.239859591562542364e-04
4.000000000000000000e+00 -2.189743589743589780e+01 6.963610010117826134e-04
4.000000000000000000e+00 -2.164102564102564230e+01 8.934396717671052625e-04
4.000000000000000000e+00 -2.138461538461538680e+01 1.120046911072432316e-03
4.000000000000000000e+00 -2.112820512820512775e+01 1.382549339803693707e-03
4.000000000000000000e+00 -2.087179487179487225e+01 1.688426740276897323e-03
4.000000000000000000e+00 -2.061538461538461675e+01 2.046209119338023193e-03
4.000000000000000000e+00 -2.035897435897435770e+01 2.465523568504861089e-03
4.000000000000000000e+00 -2.010256410256410220e+01 2.957275755863444412e-03
4.000000000000000000e+00 -1.984615384615384670e+01 3.533968271578999919e-03
4.000000000000000000e+00 -1.958974358974359120e+01 4.209623986841985743e-03
4.000000000000000000e+00 -1.933333333333333570e+01 5.000668549347159555e-03
4.000000000000000000e+00 -1.907692307692307665e+01 5.925224069609327619e-03
4.000000000000000000e+00 -1.882051282051282115e+01 7.004995138152706260e-03
4.000000000000000000e+00 -1.856410256410256565e+01 8.263579919334896468e-03
4.000000000000000000e+00 -1.830769230769230660e+01 9.728979610641692172e-03
4.000000000000000000e+00 -1.805128205128205110e+01 1.143352654544039886e-02
4.000000000000000000e+00 -1.779487179487179560e+01 1.341144675843790324e-02
4.000000000000000000e+00 -1.753846153846154010e+01 1.570609330908956380e-02
4.000000000000000000e+00 -1.728205128205128460e+01 1.836568856246261622e-02
4.000000000000000000e+00 -1.702564102564102555e+01 2.143963738544583247e-02
4.000000000000000000e+00 -1.676923076923077005e+01 2.499164677477018481e-02
4.000000000000000000e+00 -1.651282051282051455e+01 2.909835202566560947e-02
4.000000000000000000e+00 -1.625641025641025550e+01 3.383420504725995204e-02
4.000000000000000000e+00 -1.600000000000000000e+01 3.928148320809852351e-02
5.000000000000000000e+00 -2.600000000000000000e+01 2.267639581914396415e-11
5.000000000000000000e+00 -2.574358974358974450e+01 3.592500734556433515e-10
5.000000000000000000e+00 -2.548717948717948900e+01 3.720145283959341243e-09
5.000000000000000000e+00 -2.523076923076922995e+01 2.707853971780458722e-08
5.000000000000000000e+00 -2.497435897435897445e+01 1.462058524750388655e-07
5.000000000000000000e+00 -2.471794871794871895e+01 6.087102721177799147e-07
5.000000000000000000e+00 -2.446153846153845990e+01 2.008843793606941963e-06
5.000000000000000000e+00 -2.420512820512820440e+01 5.377117381042310135e-06
5.000000000000000000e+00 -2.394871794871794890e+01 1.197151204954945719e-05
5.000000000000000000e+00 -2.369230769230769340e+01 2.286196398548716839e-05
5.000000000000000000e+00 -2.343589743589743790e+01 3.873439991444747649e-05
5.000000000000000000e+00 -2.317948717948717885e+01 6.007286569332273519e-05
5.000000000000000000e+00 -2.292307692307692335e+01 8.745319285878309294e-05
5.000000000000000000e+00 -2.266666666666666785e+01 1.217214996913484751e-04
5.000000000000000000e+00 -2.241025641025640880e+01 1.640597268897745907e-04
5.000000000000000000e+00 -2.215384615384615330e+01 2.159933447543836954e-04
5.000000000000000000e+00 -2.189743589743589780e+01 2.794052148355142726e-04
5.000000000000000000e+00 -2.164102564102564230e+01 3.565538536054876310e-04
5.000000000000000000e+00 -2.138461538461538680e+01 4.501172024442727038e-04
5.000000000000000000e+00 -2.112820512820512775e+01 5.632397218253274752e-04
5.000000000000000000e+00 -2.087179487179487225e+01 6.995793734872773244e-04
5.000000000000000000e+00 -2.061538461538461675e+01 8.634189362104541243e-04
5.000000000000000000e+00 -2.035897435897435770e+01 1.059713564310646276e-03
5.000000000000000000e+00 -2.010256410256410220e+01 1.294199436428054937e-03
5.000000000000000000e+00 -1.984615384615384670e+01 1.573532132096011529e-03
5.000000000000000000e+00 -1.958974358974359120e+01 1.905348163867376984e-03
5.000000000000000000e+00 -1.933333333333333570e+01 2.298501265459592345e-03
5.000000000000000000e+00 -1.907692307692307665e+01 2.763151459559715518e-03
5.000000000000000000e+00 -1.882051282051282115e+01 3.310862728322712823e-03
5.000000000000000000e+00 -1.856410256410256565e+01 3.955278603926811777e-03
5.000000000000000000e+00 -1.830769230769230660e+01 4.711337833330143075e-03
5.000000000000000000e+00 -1.805128205128205110e+01 5.596855083491839716e-03
5.000000000000000000e+00 -1.779487179487179560e+01 6.632249183816925006e-03
5.000000000000000000e+00 -1.753846153846154010e+01 7.839447988698301437e-03
5.000000000000000000e+00 -1.728205128205128460e+01 9.245194922404144366e-03
5.000000000000000000e+00 -1.702564102564102555e+01 1.088057468405793753e-02
5.000000000000000000e+00 -1.676923076923077005e+01 1.277771840188031069e-02
5.000000000000000000e+00 -1.651282051282051455e+01 1.497425965335698328e-02
5.000000000000000000e+00 -1.625641025641025550e+01 1.751769546539377193e-02
5.000000000000000000e+00 -1.600000000000000000e+01 2.045946401126092287e-02
6.000000000000000000e+00 -2.600000000000000000e+01 4.216470164170854955e-12
6.000000000000000000e+00 -2.574358974358974450e+01 1.151154485804315710e-10
6.000000000000000000e+00 -2.548717948717948900e+01 1.719073074574932860e-09
6.000000000000000000e+00 -2.523076923076922995e+01 1.539354660558480897e-08
6.000000000000000000e+00 -2.497435897435897445e+01 8.873950965060617042e-08
6.000000000000000000e+00 -2.471794871794871895e+01 3.524342908203087246e-07
6.000000000000000000e+00 -2.446153846153845990e+01 1.038432530380442235e-06
6.000000000000000000e+00 -2.420512820512820440e+01 2.446643675568095826e-06
6.000000000000000000e+00 -2.394871794871794890e+01 4.916633079993518719e-06
6.000000000000000000e+00 -2.369230769230769340e+01 8.844621690769111528e-06
6.000000000000000000e+00 -2.343589743589743790e+01 1.472622116135123717e-05
6.000000000000000000e+00 -2.317948717948717885e+01 2.320223616566112972e-05
6.000000000000000000e+00 -2.292307692307692335e+01 3.510386711064700336e-05
6.000000000000000000e+00 -2.266666666666666785e+01 5.150035498747006116e-05
6.000000000000000000e+00 -2.241025641025640880e+01 7.375347625230785093e-05
6.000000000000000000e+00 -2.215384615384615330e+01 1.035828987091182043e-04
6.000000000000000000e+00 -2.189743589743589780e+01 1.431410993153687584e-04
6.000000000000000000e+00 -2.164102564102564230e+01 1.951047109952684189e-04
6.000000000000000000e+00 -2.138461538461538680e+01 2.627807133432857011e-04
6.000000000000000000e+00 -2.112820512820512775e+01 3.502338396865579484e-04
6.000000000000000000e+00 -2.087179487179487225e+01 4.624187768305948899e-04
6.000000000000000000e+00 -2.061538461538461675e+01 6.053783061119982203e-04
6.000000000000000000e+00 -2.035897435897435770e+01 7.864106720886141193e-04
6.000000000000000000e+00 -2.010256410256410220e+01 1.014318582740746447e-03
6.000000000000000000e+00 -1.984615384615384670e+01 1.299691363177169932e-03
6.000000000000000000e+00 -1.958974358974359120e+01 1.655164031192034833e-03
6.000000000000000000e+00 -1.933333333333333570e+01 2.095860131390885756e-03
6.000000000000000000e+00 -1.907692307692307665e+01 2.639793177605874105e-03
6.000000000000000000e+00 -1.882051282051282115e+01 3.308077907526662739e-03
6.000000000000000000e+00 -1.856410256410256565e+01 4.126443417715104298e-03
6.000000000000000000e+00 -1.830769230769230660e+01 5.124061487264422454e-03
6.000000000000000000e+00 -1.805128205128205110e+01 6.336271490362166761e-03
6.000000000000000000e+00 -1.779487179487179560e+01 7.805480368889653256e-03
6.000000000000000000e+00 -1.753846153846154010e+01 9.578276730682230150e-03
6.000000000000000000e+00 -1.728205128205128460e+01 1.171170364488437199e-02
6.000000000000000000e+00 -1.702564102564102555e+01 1.427599967404440812e-02
6.000000000000000000e+00 -1.676923076923077005e+01 1.734651535832877622e-02
6.000000000000000000e+00 -1.651282051282051455e+01 2.100867658685990486e-02
6.000000000000000000e+00 -1.625641025641025550e+01 2.537371516808301780e-02
6.000000000000000000e+00 -1.600000000000000000e+01 3.057464761065746203e-02
7.000000000000000000e+00 -2.600000000000000000e+01 7.929685917812033832e-09
7.000000000000000000e+00 -2.574358974358974450e+01 2.523014961317380712e-08
7.000000000000000000e+00 -2.548717948717948900e+01 6.570414795328859278e-08
7.000000000000000000e+00 -2.523076923076922995e+01 1.474601660949895221e-07
7.000000000000000000e+00 -2.497435897435897445e+01 2.964449874667453934e-07
7.000000000000000000e+00 -2.471794871794871895e+01 5.488950151214242583e-07
7.000000000000000000e+00 -2.446153846153845990e+01 9.547531829135876592e-07
7.000000000000000000e+00 -2.420512820512820440e+01 1.582126507436435607e-06
7.000000000000000000e+00 -2.394871794871794890e+01 2.522877796090821356e-06
7.000000000000000000e+00 -2.369230769230769340e+01 3.899632256968337400e-06
7.000000000000000000e+00 -2.343589743589743790e+01 5.874361285923296502e-06
7.000000000000000000e+00 -2.317948717948717885e+01 8.658900356344063334e-06
7.000000000000000000e+00 -2.292307692307692335e+01 1.252752534195986392e-05
7.000000000000000000e+00 -2.266666666666666785e+01 1.783245702370903307e-05
7.000000000000000000e+00 -2.241025641025640880e+01 2.502236810479915001e-05
7.000000000000000000e+00 -2.215384615384615330e+01 3.466404517352468940e-05
7.000000000000000000e+00 -2.189743589743589780e+01 4.746773246475033609e-05
7.000000000000000000e+00 -2.164102564102564230e+01 6.431984381267139353e-05
7.000000000000000000e+00 -2.138461538461538680e+01 8.631512303962249289e-05
7.000000000000000000e+00 -2.112820512820512775e+01 1.148028520329464513e-04
7.000000000000000000e+00 -2.087179487179487225e+01 1.514327655960428978e-04
7.000000000000000000e+00 -2.061538461538461675e+01 1.982121538773971988e-04
7.000000000000000000e+00 -2.035897435897435770e+01 2.575736961207811173e-04
7.000000000000000000e+00 -2.010256410256410220e+01 3.324504828237021111e-04
7.000000000000000000e+00 -1.984615384615384670e+01 4.263573991184568010e-04
7.000000000000000000e+00 -1.958974358974359120e+01 5.435202600680766934e-04
7.000000000000000000e+00 -1.933333333333333570e+01 6.889196730299868530e-04
7.000000000000000000e+00 -1.907692307692307665e+01 8.685586877343856767e-04
7.000000000000000000e+00 -1.882051282051282115e+01 1.089452307201059815e-03
7.000000000000000000e+00 -1.856410256410256565e+01 1.359857891997299931e-03
7.000000000000000000e+00 -1.830769230769230660e+01 1.689718405707365265e-03
7.000000000000000000e+00 -1.805128205128205110e+01 2.090379664590187418e-03
7.000000000000000000e+00 -1.779487179487179560e+01 2.575104085003707133e-03
7.000000000000000000e+00 -1.753846153846154010e+01 3.159995235101854729e-03
7.000000000000000000e+00 -1.728205128205128460e+01 3.863333237203953139e-03
7.000000000000000000e+00 -1.702564102564102555e+01 4.705603484342451605e-03
7.000000000000000000e+00 -1.676923076923077005e+01 5.711721578929655416e-03
7.000000000000000000e+00 -1.651282051282051455e+01 6.911584630260265982e-03
7.000000000000000000e+00 -1.625641025641025550e+01 8.337924595340610173e-03
7.000000000000000000e+00 -1.600000000000000000e+01 1.002670447650137568e-02
8.000000000000000000e+00 -2.600000000000000000e+01 1.462589745434107708e-09
8.000000000000000000e+00 -2.574358974358974450e+01 3.952145021819363895e-09
8.000000000000000000e+00 -2.548717948717948900e+01 9.434538861049701153e-09
8.000000000000000000e+00 -2.523076923076922995e+01 2.048735334284730577e-08
8.000000000000000000e+00 -2.497435897435897445e+01 4.132439949231550529e-08
8.000000000000000000e+00 -2.471794871794871895e+01 7.860265338231796009e-08
8.000000000000000000e+00 -2.446153846153845990e+01 1.425532957831768315e-07
8.000000000000000000e+00 -2.420512820512820440e+01 2.485312684096311253e-07
8.000000000000000000e+00 -2.394871794871794890e+01 4.191216447199262219e-07
8.000000000000000000e+00 -2.369230769230769340e+01 6.869371654393299122e-07
8.000000000000000000e+00 -2.343589743589743790e+01 1.098304690045293393e-06
8.000000000000000000e+00 -2.317948717948717885e+01 1.718049874081256904e-06
8.000000000000000000e+00 -2.292307692307692335e+01 2.635667112997139198e-06
8.000000000000000000e+00 -2.266666666666666785e+01 3.973034854161273724e-06
8.000000000000000000e+00 -2.241025641025640880e+01 5.894293170443691997e-06
8.000000000000000000e+00 -2.215384615384615330e+01 8.618111425907062977e-06
8.000000000000000000e+00 -2.189743589743589780e+01 1.243246277534123838e-05
8.000000000000000000e+00 -2.164102564102564230e+01 1.771352363503185794e-05
8.000000000000000000e+00 -2.138461538461538680e+01 2.494763709649727918e-05
8.000000000000000000e+00 -2.112820512820512775e+01 3.475877544110724893e-05
8.000000000000000000e+00 -2.087179487179487225e+01 4.794135999683713022e-05
8.000000000000000000e+00 -2.061538461538461675e+01 6.549781920092934097e-05
8.000000000000000000e+00 -2.035897435897435770e+01 8.868718373186792222e-05
8.000000000000000000e+00 -2.010256410256410220e+01 1.190775496726692638e-04
8.000000000000000000e+00 -1.984615384615384670e+01 1.586105232344915694e-04
8.000000000000000000e+00 -1.958974358974359120e+01 2.096849755103787137e-04
8.000000000000000000e+00 -1.933333333333333570e+01 2.752186351096829234e-04
8.000000000000000000e+00 -1.907692307692307665e+01 3.588089539946062506e-04
8.000000000000000000e+00 -1.882051282051282115e+01 4.647754276873450200e-04
8.000000000000000000e+00 -1.856410256410256565e+01 5.983401178154856056e-04
8.000000000000000000e+00 -1.830769230769230660e+01 7.658782149890009956e-04
8.000000000000000000e+00 -1.805128205128205110e+01 9.748762644894672829e-04
8.000000000000000000e+00 -1.779487179487179560e+01 1.234290749788965373e-03
8.000000000000000000e+00 -1.753846153846154010e+01 1.555070128727137433e-03
8.000000000000000000e+00 -1.728205128205128460e+01 1.949937299987880134e-03
8.000000000000000000e+00 -1.702564102564102555e+01 2.433578146295813614e-03
8.000000000000000000e+00 -1.676923076923077005e+01 3.023925811751761519e-03
8.000000000000000000e+00 -1.651282051282051455e+01 3.742587720882142518e-03
8.000000000000000000e+00 -1.625641025641025550e+01 4.613889267343231244e-03
8.000000000000000000e+00 -1.600000000000000000e+01 5.665349451979438331e-03
9.000000000000000000e+00 -2.600000000000000000e+01 9.085860812974075349e-10
9.000000000000000000e+00 -2.574358974358974450e+01 1.946875281499600971e-09
9.000000000000000000e+00 -2.548717948717948900e+01 3.958886572247752460e-09
9.000000000000000000e+00 -2.523076923076922995e+01 7.700404326236720769e-09
9.000000000000000000e+00 -2.497435897435897445e+01 1.441598100479470320e-08
9.000000000000000000e+00 -2.471794871794871895e+01 2.610245198245209740e-08
9.000000000000000000e+00 -2.446153846153845990e+01 4.589103857747196715e-08
9.000000000000000000e+00 -2.420512820512820440e+01 7.858835180206246401e-08
9.000000000000000000e+00 -2.394871794871794890e+01 1.314359286676962101e-07
9.000000000000000000e+00 -2.369230769230769340e+01 2.151498458121720203e-07
9.000000000000000000e+00 -2.343589743589743790e+01 3.453325042708807263e-07
9.000000000000000000e+00 -2.317948717948717885e+01 5.443552618874263075e-07
9.000000000000000000e+00 -2.292307692307692335e+01 8.438588997052796181e-07
9.000000000000000000e+00 -2.266666666666666785e+01 1.287973603139100232e-06
9.000000000000000000e+00 -2.241025641025640880e+01 1.937532018059850899e-06
9.000000000000000000e+00 -2.215384615384615330e+01 2.875376373896121665e-06
9.000000000000000000e+00 -2.189743589743589780e+01 4.213108502722650477e-06
9.000000000000000000e+00 -2.164102564102564230e+01 6.099572786157429728e-06
9.000000000000000000e+00 -2.138461538461538680e+01 8.731230024808794499e-06
9.000000000000000000e+00 -2.112820512820512775e+01 1.236542415090096010e-05
9.000000000000000000e+00 -2.087179487179487225e+01 1.733538902020897283e-05
9.000000000000000000e+00 -2.061538461538461675e+01 2.407064877766634028e-05
9.000000000000000000e+00 -2.035897435897435770e+01 3.311915447789743944e-05
9.000000000000000000e+00 -2.010256410256410220e+01 4.517516568523512432e-05
9.000000000000000000e+00 -1.984615384615384670e+01 6.111529095113396744e-05
9.000000000000000000e+00 -1.958974358974359120e+01 8.203010499902012472e-05
9.000000000000000000e+00 -1.933333333333333570e+01 1.092846659161235596e-04
9.000000000000000000e+00 -1.907692307692307665e+01 1.445638160778943665e-04
9.000000000000000000e+00 -1.882051282051282115e+01 1.899242592184907544e-04
9.000000000000000000e+00 -1.856410256410256565e+01 2.479112864609419003e-04
9.000000000000000000e+00 -1.830769230769230660e+01 3.216170165424870058e-04
9.000000000000000000e+00 -1.805128205128205110e+01 4.147403886855835324e-04
9.000000000000000000e+00 -1.779487179487179560e+01 5.318056824948305021e-04
9.000000000000000000e+00 -1.753846153846154010e+01 6.783093939582035027e-04
9.000000000000000000e+00 -1.728205128205128460e+01 8.606943237512501566e-04
9.000000000000000000e+00 -1.702564102564102555e+01 1.086584023596495014e-03
9.000000000000000000e+00 -1.676923076923077005e+01 1.365294952433867637e-03
9.000000000000000000e+00 -1.651282051282051455e+01 1.708010019447498556e-03
9.000000000000000000e+00 -1.625641025641025550e+01 2.127578183238234243e-03
9.000000000000000000e+00 -1.600000000000000000e+01 2.638767012349072481e-03
1.000000000000000000e+01 -2.600000000000000000e+01 3.669418489339255908e-10
1.000000000000000000e+01 -2.574358974358974450e+01 7.051308327130320543e-10
1.000000000000000000e+01 -2.548717948717948900e+01 1.316001010182477032e-09
1.000000000000000000e+01 -2.523076923076922995e+01 2.391700866099395360e-09
1.000000000000000000e+01 -2.497435897435897445e+01 4.242281379467805127e-09
1.000000000000000000e+01 -2.471794871794871895e+01 7.358117785058272577e-09
1.000000000000000000e+01 -2.446153846153845990e+01 1.250132698591421490e-08
1.000000000000000000e+01 -2.420512820512820440e+01 2.083440495890370166e-08
1.000000000000000000e+01 -2.394871794871794890e+01 3.410325139199508381e-08
1.000000000000000000e+01 -2.369230769230769340e+01 5.489073471838411371e-08
1.000000000000000000e+01 -2.343589743589743790e+01 8.696827175227774576e-08
1.000000000000000000e+01 -2.317948717948717885e+01 1.357492056433170858e-07
1.000000000000000000e+01 -2.292307692307692335e+01 2.089349602001335020e-07
1.000000000000000000e+01 -2.266666666666666785e+01 3.173239496448802395e-07
1.000000000000000000e+01 -2.241025641025640880e+01 4.759058063291157743e-07
1.000000000000000000e+01 -2.215384615384615330e+01 7.052258130101491236e-07
1.000000000000000000e+01 -2.189743589743589780e+01 1.033208554846230828e-06
1.000000000000000000e+01 -2.164102564102564230e+01 1.497375533658979484e-06
1.000000000000000000e+01 -2.138461538461538680e+01 2.147796341035729720e-06
1.000000000000000000e+01 -2.112820512820512775e+01 3.050500105052466613e-06
1.000000000000000000e+01 -2.087179487179487225e+01 4.291758456301023017e-06
1.000000000000000000e+01 -2.061538461538461675e+01 5.984355869644804404e-06
1.000000000000000000e+01 -2.035897435897435770e+01 8.272604166015866064e-06
1.000000000000000000e+01 -2.010256410256410220e+01 1.134183176238138781e-05
1.000000000000000000e+01 -1.984615384615384670e+01 1.542860318542594913e-05
1.000000000000000000e+01 -1.958974358974359120e+01 2.082798190091862109e-05
1.000000000000000000e+01 -1.933333333333333570e+01 2.791610130840009636e-05
1.000000000000000000e+01 -1.907692307692307665e+01 3.715617543649726037e-05
1.000000000000000000e+01 -1.882051282051282115e+01 4.912824449238706445e-05
1.000000000000000000e+01 -1.856410256410256565e+01 6.453749712975710099e-05
1.000000000000000000e+01 -1.830769230769230660e+01 8.427312746103960469e-05
1.000000000000000000e+01 -1.805128205128205110e+01 1.093901832697306170e-04
1.000000000000000000e+01 -1.779487179487179560e+01 1.411925518149513168e-04
1.000000000000000000e+01 -1.753846153846154010e+01 1.812376031912276786e-04
1.000000000000000000e+01 -1.728205128205128460e+01 2.314695024228897936e-04
1.000000000000000000e+01 -1.702564102564102555e+01 2.941251300055514701e-04
1.000000000000000000e+01 -1.676923076923077005e+01 3.719318044996160547e-04
1.000000000000000000e+01 -1.651282051282051455e+01 4.680782613493267557e-04
1.000000000000000000e+01 -1.625641025641025550e+01 5.865519014370879948e-04
1.000000000000000000e+01 -1.600000000000000000e+01 7.319097205113333105e-04
