4.000000000000000000e+00 -2.600000000000000000e+01 2.680953935990050831e-11
4.000000000000000000e+00 -2.574358974358974450e+01 3.264952554439030292e-10
4.000000000000000000e+00 -2.548717948717948900e+01 2.793397900849266380e-09
4.000000000000000000e+00 -2.523076923076922995e+01 1.782737510599562698e-08
4.000000000000000000e+00 -2.497435897435897445e+01 8.905134504718534867e-08
4.000000000000000000e+00 -2.471794871794871895e+01 3.618360045676676371e-07
4.000000000000000000e+00 -2.446153846153845990e+01 1.232809613759276216e-06
4.000000000000000000e+00 -2.420512820512820440e+01 3.607369947793172142e-06
4.000000000000000000e+00 -2.394871794871794890e+01 9.236616038746544083e-06
4.000000000000000000e+00 -2.369230769230769340e+01 2.100163365925205756e-05
4.000000000000000000e+00 -2.343589743589743790e+01 4.292306265138041694e-05
4.000000000000000000e+00 -2.317948717948717885e+01 7.972598952588400207e-05
4.000000000000000000e+00 -2.292307692307692335e+01 1.360606202972907948e-04
4.000000000000000000e+00 -2.266666666666666785e+01 2.157842256509017516e-04
4.000000000000000000e+00 -2.241025641025640880e+01 3.217336082409482127e-04
4.000000000000000000e+00 -2.215384615384615330e+01 4.560487517352563680e-04
4.000000000000000000e+00 -2.189743589743589780e+01 6.207815168667094171e-04
4.000000000000000000e+00 -2.164102564102564230e+01 8.184577570996330684e-04
4.000000000000000000e+00 -2.138461538461538680e+01 1.052440547785722571e-03
4.000000000000000000e+00 -2.112820512820512775e+01 1.327123532380633866e-03
4.000000000000000000e+00 -2.087179487179487225e+01 1.648010118178781097e-03
4.000000000000000000e+00 -2.061538461538461675e+01 2.021721609806374428e-03
4.000000000000000000e+00 -2.035897435897435770e+01 2.456113352458245101e-03
4.000000000000000000e+00 -2.010256410256410220e+01 2.960356449914314063e-03
4.000000000000000000e+00 -1.984615384615384670e+01 3.544825893180170162e-03
4.000000000000000000e+00 -1.958974358974359120e+01 4.221758418123124600e-03
4.000000000000000000e+00 -1.933333333333333570e+01 5.004530158325964408e-03
4.000000000000000000e+00 -1.907692307692307665e+01 5.909175263320922376e-03
4.000000000000000000e+00 -1.882051282051282115e+01 6.953008428604267634e-03
4.000000000000000000e+00 -1.856410256410256565e+01 8.156060346931020069e-03
4.000000000000000000e+00 -1.830769230769230660e+01 9.542091077944143268e-03
4.000000000000000000e+00 -1.805128205128205110e+01 1.113525852325454417e-02
4.000000000000000000e+00 -1.779487179487179560e+01 1.296529337114712445e-02
4.000000000000000000e+00 -1.753846153846154010e+01 1.506747211478822943e-02
4.000000000000000000e+00 -1.728205128205128460e+01 1.747623842517515014e-02
4.000000000000000000e+00 -1.702564102564102555e+01 2.023197614666640692e-02
4.000000000000000000e+00 -1.676923076923077005e+01 2.338758741179294831e-02
4.000000000000000000e+00 -1.651282051282051455e+01 2.699873093075527350e-02
4.000000000000000000e+00 -1.625641025641025550e+01 3.111838503510366144e-02
4.000000000000000000e+00 -1.600000000000000000e+01 3.581067473424533187e-02
5.000000000000000000e+00 -2.600000000000000000e+01 1.917678477995198529e-10
5.000000000000000000e+00 -2.574358974358974450e+01 1.672601976299405206e-09
5.000000000000000000e+00 -2.548717948717948900e+01 1.083472645594707496e-08
5.000000000000000000e+00 -2.523076923076922995e+01 5.440848242702501116e-08
5.000000000000000000e+00 -2.497435897435897445e+01 2.191591458580815198e-07
5.000000000000000000e+00 -2.471794871794871895e+01 7.280900419357605418e-07
5.000000000000000000e+00 -2.446153846153845990e+01 2.042525230432017053e-06
5.000000000000000000e+00 -2.420512820512820440e+01 4.942204450024601787e-06
5.000000000000000000e+00 -2.394871794871794890e+01 1.052476929745769629e-05
5.000000000000000000e+00 -2.369230769230769340e+01 2.011534699139462526e-05
5.000000000000000000e+00 -2.343589743589743790e+01 3.514845032918884553e-05
5.000000000000000000e+00 -2.317948717948717885e+01 5.710133385183953928e-05
5.000000000000000000e+00 -2.292307692307692335e+01 8.750691598929233577e-05
5.000000000000000000e+00 -2.266666666666666785e+01 1.280283571466570578e-04
5.000000000000000000e+00 -2.241025641025640880e+01 1.805507141324179388e-04
5.000000000000000000e+00 -2.215384615384615330e+01 2.472784693339196826e-04
5.000000000000000000e+00 -2.189743589743589780e+01 3.308192044734144287e-04
5.000000000000000000e+00 -2.164102564102564230e+01 4.342604997534971634e-04
5.000000000000000000e+00 -2.138461538461538680e+01 5.612444995963176801e-04
5.000000000000000000e+00 -2.112820512820512775e+01 7.160657786854921674e-04
5.000000000000000000e+00 -2.087179487179487225e+01 9.037612369542243583e-04
5.000000000000000000e+00 -2.061538461538461675e+01 1.130168437737378434e-03
5.000000000000000000e+00 -2.035897435897435770e+01 1.402152466861907899e-03
5.000000000000000000e+00 -2.010256410256410220e+01 1.727557147002087377e-03
5.000000000000000000e+00 -1.984615384615384670e+01 2.115638956595055319e-03
5.000000000000000000e+00 -1.958974358974359120e+01 2.576787488917876325e-03
5.000000000000000000e+00 -1.933333333333333570e+01 3.123406116519904414e-03
5.000000000000000000e+00 -1.907692307692307665e+01 3.769286931590593460e-03
5.000000000000000000e+00 -1.882051282051282115e+01 4.530424753158234473e-03
5.000000000000000000e+00 -1.856410256410256565e+01 5.425823112328016437e-03
5.000000000000000000e+00 -1.830769230769230660e+01 6.475784896383719909e-03
5.000000000000000000e+00 -1.805128205128205110e+01 7.704405703845383993e-03
5.000000000000000000e+00 -1.779487179487179560e+01 9.140761905240761542e-03
5.000000000000000000e+00 -1.753846153846154010e+01 1.081513117282337927e-02
5.000000000000000000e+00 -1.728205128205128460e+01 1.276155542193961948e-02
5.000000000000000000e+00 -1.702564102564102555e+01 1.502350534170943802e-02
5.000000000000000000e+00 -1.676923076923077005e+01 1.764997714791630146e-02
5.000000000000000000e+00 -1.651282051282051455e+01 2.068996075974037160e-02
5.000000000000000000e+00 -1.625641025641025550e+01 2.419881487178199980e-02
5.000000000000000000e+00 -1.600000000000000000e+01 2.824905134465414275e-02
6.000000000000000000e+00 -2.600000000000000000e+01 4.915740055683533628e-10
6.000000000000000000e+00 -2.574358974358974450e+01 3.240749310333283920e-09
6.000000000000000000e+00 -2.548717948717948900e+01 1.619245515212503593e-08
6.000000000000000000e+00 -2.523076923076922995e+01 6.367693968031006137e-08
6.000000000000000000e+00 -2.497435897435897445e+01 2.039627088185605279e-07
6.000000000000000000e+00 -2.471794871794871895e+01 5.493934926130391290e-07
6.000000000000000000e+00 -2.446153846153845990e+01 1.281719063849659551e-06
6.000000000000000000e+00 -2.420512820512820440e+01 2.659293386943468111e-06
6.000000000000000000e+00 -2.394871794871794890e+01 5.019815966394171326e-06
6.000000000000000000e+00 -2.369230769230769340e+01 8.785564993212511848e-06
6.000000000000000000e+00 -2.343589743589743790e+01 1.447498145036719699e-05
6.000000000000000000e+00 -2.317948717948717885e+01 2.272189403656811352e-05
6.000000000000000000e+00 -2.292307692307692335e+01 3.430115981363412374e-05
6.000000000000000000e+00 -2.266666666666666785e+01 5.016052461042508218e-05
6.000000000000000000e+00 -2.241025641025640880e+01 7.145667470931046407e-05
6.000000000000000000e+00 -2.215384615384615330e+01 9.959859861595468850e-05
6.000000000000000000e+00 -2.189743589743589780e+01 1.362978420278130481e-04
6.000000000000000000e+00 -2.164102564102564230e+01 1.836193191246923749e-04
6.000000000000000000e+00 -2.138461538461538680e+01 2.440504324808153163e-04
6.000000000000000000e+00 -2.112820512820512775e+01 3.205787720949952713e-04
6.000000000000000000e+00 -2.087179487179487225e+01 4.167554728388879882e-04
6.000000000000000000e+00 -2.061538461538461675e+01 5.368361214340019137e-04
6.000000000000000000e+00 -2.035897435897435770e+01 6.858172493695160543e-04
6.000000000000000000e+00 -2.010256410256410220e+01 8.696798145958197727e-04
6.000000000000000000e+00 -1.984615384615384670e+01 1.095357100435677498e-03
6.000000000000000000e+00 -1.958974358974359120e+01 1.371128054615766007e-03
6.000000000000000000e+00 -1.933333333333333570e+01 1.706617319033985978e-03
6.000000000000000000e+00 -1.907692307692307665e+01 2.112926852789768703e-03
6.000000000000000000e+00 -1.882051282051282115e+01 2.603469832246460731e-03
6.000000000000000000e+00 -1.856410256410256565e+01 3.193318793311695960e-03
6.000000000000000000e+00 -1.830769230769230660e+01 3.899841105176473678e-03
6.000000000000000000e+00 -1.805128205128205110e+01 4.744275312132917657e-03
6.000000000000000000e+00 -1.779487179487179560e+01 5.750393257372905451e-03
6.000000000000000000e+00 -1.753846153846154010e+01 6.944283584260972815e-03
6.000000000000000000e+00 -1.728205128205128460e+01 8.358007023843989913e-03
6.000000000000000000e+00 -1.702564102564102555e+01 1.003004982460740241e-02
6.000000000000000000e+00 -1.676923076923077005e+01 1.200143124179677001e-02
6.000000000000000000e+00 -1.651282051282051455e+01 1.431658048190884158e-02
6.000000000000000000e+00 -1.625641025641025550e+01 1.703056940083998855e-02
6.000000000000000000e+00 -1.600000000000000000e+01 2.021197902059100604e-02
7.000000000000000000e+00 -2.600000000000000000e+01 4.517080201826677980e-10
7.000000000000000000e+00 -2.574358974358974450e+01 2.256737425193468665e-09
7.000000000000000000e+00 -2.548717948717948900e+01 8.830364412794337391e-09
7.000000000000000000e+00 -2.523076923076922995e+01 2.825263391215229802e-08
7.000000000000000000e+00 -2.497435897435897445e+01 7.675057260059583764e-08
7.000000000000000000e+00 -2.471794871794871895e+01 1.827640574049468409e-07
7.000000000000000000e+00 -2.446153846153845990e+01 3.915758680312166676e-07
7.000000000000000000e+00 -2.420512820512820440e+01 7.707723774564006807e-07
7.000000000000000000e+00 -2.394871794871794890e+01 1.416974209463994150e-06
7.000000000000000000e+00 -2.369230769230769340e+01 2.464275182814420307e-06
7.000000000000000000e+00 -2.343589743589743790e+01 4.094938889783234743e-06
7.000000000000000000e+00 -2.317948717948717885e+01 6.552688432833680668e-06
7.000000000000000000e+00 -2.292307692307692335e+01 1.015903461489711043e-05
7.000000000000000000e+00 -2.266666666666666785e+01 1.533339250478305351e-05
7.000000000000000000e+00 -2.241025641025640880e+01 2.261726211210460439e-05
7.000000000000000000e+00 -2.215384615384615330e+01 3.270399753463700047e-05
7.000000000000000000e+00 -2.189743589743589780e+01 4.647207911153489396e-05
7.000000000000000000e+00 -2.164102564102564230e+01 6.502871818640941948e-05
7.000000000000000000e+00 -2.138461538461538680e+01 8.975788861132673476e-05
7.000000000000000000e+00 -2.112820512820512775e+01 1.223760412022587224e-04
7.000000000000000000e+00 -2.087179487179487225e+01 1.650067991090947174e-04
7.000000000000000000e+00 -2.061538461538461675e+01 2.202464176043571599e-04
7.000000000000000000e+00 -2.035897435897435770e+01 2.912766325019566609e-04
7.000000000000000000e+00 -2.010256410256410220e+01 3.819501126087698436e-04
7.000000000000000000e+00 -1.984615384615384670e+01 4.969172630218919584e-04
7.000000000000000000e+00 -1.958974358974359120e+01 6.418287040786503032e-04
7.000000000000000000e+00 -1.933333333333333570e+01 8.233342973909016198e-04
7.000000000000000000e+00 -1.907692307692307665e+01 1.049516043149460037e-03
7.000000000000000000e+00 -1.882051282051282115e+01 1.329995528716129303e-03
7.000000000000000000e+00 -1.856410256410256565e+01 1.675876084938748931e-03
7.000000000000000000e+00 -1.830769230769230660e+01 2.100671968320301682e-03
7.000000000000000000e+00 -1.805128205128205110e+01 2.620481945967207803e-03
7.000000000000000000e+00 -1.779487179487179560e+01 3.253399082966747322e-03
7.000000000000000000e+00 -1.753846153846154010e+01 4.020793994666010084e-03
7.000000000000000000e+00 -1.728205128205128460e+01 4.949024440038106432e-03
7.000000000000000000e+00 -1.702564102564102555e+01 6.068380511515469693e-03
7.000000000000000000e+00 -1.676923076923077005e+01 7.411936650044323102e-03
7.000000000000000000e+00 -1.651282051282051455e+01 9.018384888309265504e-03
7.000000000000000000e+00 -1.625641025641025550e+01 1.093624358409154076e-02
7.000000000000000000e+00 -1.600000000000000000e+01 1.322291275964118662e-02
8.000000000000000000e+00 -2.600000000000000000e+01 1.508406049100584545e-10
8.000000000000000000e+00 -2.574358974358974450e+01 6.185855481606654312e-10
8.000000000000000000e+00 -2.548717948717948900e+01 2.092005774056082276e-09
8.000000000000000000e+00 -2.523076923076922995e+01 6.060026521496332523e-09
8.000000000000000000e+00 -2.497435897435897445e+01 1.549994948680090589e-08
8.000000000000000000e+00 -2.471794871794871895e+01 3.585351112236683734e-08
8.000000000000000000e+00 -2.446153846153845990e+01 7.642366627875497220e-08
8.000000000000000000e+00 -2.420512820512820440e+01 1.523253928497507071e-07
8.000000000000000000e+00 -2.394871794871794890e+01 2.871654088229402219e-07
8.000000000000000000e+00 -2.369230769230769340e+01 5.166671963084015989e-07
8.000000000000000000e+00 -2.343589743589743790e+01 8.934991000490152734e-07
8.000000000000000000e+00 -2.317948717948717885e+01 1.493614812492404741e-06
8.000000000000000000e+00 -2.292307692307692335e+01 2.424487497661523097e-06
8.000000000000000000e+00 -2.266666666666666785e+01 3.835762115066970322e-06
8.000000000000000000e+00 -2.241025641025640880e+01 5.932577012847150476e-06
8.000000000000000000e+00 -2.215384615384615330e+01 8.992409645398976892e-06
8.000000000000000000e+00 -2.189743589743589780e+01 1.338654191802655648e-05
8.000000000000000000e+00 -2.164102564102564230e+01 1.960511907646184543e-05
8.000000000000000000e+00 -2.138461538461538680e+01 2.829049739359385711e-05
8.000000000000000000e+00 -2.112820512820512775e+01 4.027414839287361934e-05
8.000000000000000000e+00 -2.087179487179487225e+01 5.662617376782603867e-05
8.000000000000000000e+00 -2.061538461538461675e+01 7.870734048868473611e-05
8.000000000000000000e+00 -2.035897435897435770e+01 1.082461694710234708e-04
8.000000000000000000e+00 -2.010256410256410220e+01 1.473996905372349669e-04
8.000000000000000000e+00 -1.984615384615384670e+01 1.988814314130067813e-04
8.000000000000000000e+00 -1.958974358974359120e+01 2.660376136107971568e-04
8.000000000000000000e+00 -1.933333333333333570e+01 3.529830163027550087e-04
8.000000000000000000e+00 -1.907692307692307665e+01 4.648358159397458127e-04
8.000000000000000000e+00 -1.882051282051282115e+01 6.077444660969801449e-04
8.000000000000000000e+00 -1.856410256410256565e+01 7.891614149756372154e-04
8.000000000000000000e+00 -1.830769230769230660e+01 1.018317559847692214e-03
8.000000000000000000e+00 -1.805128205128205110e+01 1.306161600965834082e-03
8.000000000000000000e+00 -1.779487179487179560e+01 1.665522788004081267e-03
8.000000000000000000e+00 -1.753846153846154010e+01 2.112179784363166918e-03
8.000000000000000000e+00 -1.728205128205128460e+01 2.665354631700060737e-03
8.000000000000000000e+00 -1.702564102564102555e+01 3.347091508880895711e-03
8.000000000000000000e+00 -1.676923076923077005e+01 4.182641169319522775e-03
8.000000000000000000e+00 -1.651282051282051455e+01 5.202888985220021148e-03
8.000000000000000000e+00 -1.625641025641025550e+01 6.445965235047392689e-03
8.000000000000000000e+00 -1.600000000000000000e+01 7.956101965024173564e-03
9.000000000000000000e+00 -2.600000000000000000e+01 2.286177512724444672e-11
9.000000000000000000e+00 -2.574358974358974450e+01 8.613101723621370536e-11
9.000000000000000000e+00 -2.548717948717948900e+01 2.786713300986843638e-10
9.000000000000000000e+00 -2.523076923076922995e+01 7.968100151548306604e-10
9.000000000000000000e+00 -2.497435897435897445e+01 2.059064270589330533e-09
9.000000000000000000e+00 -2.471794871794871895e+01 4.893857998568685625e-09
9.000000000000000000e+00 -2.446153846153845990e+01 1.084602561078924085e-08
9.000000000000000000e+00 -2.420512820512820440e+01 2.265918218456197729e-08
9.000000000000000000e+00 -2.394871794871794890e+01 4.501214420759915870e-08
9.000000000000000000e+00 -2.369230769230769340e+01 8.561158807121434825e-08
9.000000000000000000e+00 -2.343589743589743790e+01 1.567796857110180647e-07
9.000000000000000000e+00 -2.317948717948717885e+01 2.777153574520197348e-07
9.000000000000000000e+00 -2.292307692307692335e+01 4.776462735249947516e-07
9.000000000000000000e+00 -2.266666666666666785e+01 8.001400850019251015e-07
9.000000000000000000e+00 -2.241025641025640880e+01 1.308990928648561059e-06
9.000000000000000000e+00 -2.215384615384615330e+01 2.095964708265923679e-06
9.000000000000000000e+00 -2.189743589743589780e+01 3.291067411008132549e-06
9.000000000000000000e+00 -2.164102564102564230e+01 5.075944742571199909e-06
9.000000000000000000e+00 -2.138461538461538680e+01 7.700752534127278565e-06
9.000000000000000000e+00 -2.112820512820512775e+01 1.150650100592864459e-05
9.000000000000000000e+00 -2.087179487179487225e+01 1.695150504338568715e-05
9.000000000000000000e+00 -2.061538461538461675e+01 2.464722960321409268e-05
9.000000000000000000e+00 -2.035897435897435770e+01 3.539913402113604459e-05
9.000000000000000000e+00 -2.010256410256410220e+01 5.025890840433494100e-05
9.000000000000000000e+00 -1.984615384615384670e+01 7.059454882776212211e-05
9.000000000000000000e+00 -1.958974358974359120e+01 9.815091145767504150e-05
9.000000000000000000e+00 -1.933333333333333570e+01 1.351667106249338293e-04
9.000000000000000000e+00 -1.907692307692307665e+01 1.844830908376409459e-04
9.000000000000000000e+00 -1.882051282051282115e+01 2.496291397098963937e-04
9.000000000000000000e+00 -1.856410256410256565e+01 3.350590284114411872e-04
9.000000000000000000e+00 -1.830769230769230660e+01 4.463567330117832366e-04
9.000000000000000000e+00 -1.805128205128205110e+01 5.902904248416718670e-04
9.000000000000000000e+00 -1.779487179487179560e+01 7.751533756906723617e-04
9.000000000000000000e+00 -1.753846153846154010e+01 1.011352191303870832e-03
9.000000000000000000e+00 -1.728205128205128460e+01 1.311571737225711775e-03
9.000000000000000000e+00 -1.702564102564102555e+01 1.690698269802256518e-03
9.000000000000000000e+00 -1.676923076923077005e+01 2.166585168981131557e-03
9.000000000000000000e+00 -1.651282051282051455e+01 2.761520246465214504e-03
9.000000000000000000e+00 -1.625641025641025550e+01 3.502803416040114332e-03
9.000000000000000000e+00 -1.600000000000000000e+01 4.422131329516520992e-03
1.000000000000000000e+01 -2.600000000000000000e+01 1.971882011610833172e-12
1.000000000000000000e+01 -2.574358974358974450e+01 7.412430067547887648e-12
1.000000000000000000e+01 -2.548717948717948900e+01 2.451780272554608173e-11
1.000000000000000000e+01 -2.523076923076922995e+01 7.292398095022702652e-11
1.000000000000000000e+01 -2.497435897435897445e+01 1.984104785223483438e-10
1.000000000000000000e+01 -2.471794871794871895e+01 5.005493323344958083e-10
1.000000000000000000e+01 -2.446153846153845990e+01 1.183631240095954728e-09
1.000000000000000000e+01 -2.420512820512820440e+01 2.646428075428035089e-09
1.000000000000000000e+01 -2.394871794871794890e+01 5.634497493546991121e-09
1.000000000000000000e+01 -2.369230769230769340e+01 1.149028803036668187e-08
1.000000000000000000e+01 -2.343589743589743790e+01 2.255160321865556147e-08
1.000000000000000000e+01 -2.317948717948717885e+01 4.276919390432529893e-08
1.000000000000000000e+01 -2.292307692307692335e+01 7.864432373028399372e-08
1.000000000000000000e+01 -2.266666666666666785e+01 1.406166358919450898e-07
1.000000000000000000e+01 -2.241025641025640880e+01 2.450756013339752961e-07
1.000000000000000000e+01 -2.215384615384615330e+01 4.172491414662453301e-07
1.000000000000000000e+01 -2.189743589743589780e+01 6.952031483304185686e-07
1.000000000000000000e+01 -2.164102564102564230e+01 1.135449010577458652e-06
1.000000000000000000e+01 -2.138461538461538680e+01 1.820422875934970893e-06
1.000000000000000000e+01 -2.112820512820512775e+01 2.868768094524343940e-06
1.000000000000000000e+01 -2.087179487179487225e+01 4.448465146983766343e-06
1.000000000000000000e+01 -2.061538461538461675e+01 6.795000328199876565e-06
1.000000000000000000e+01 -2.035897435897435770e+01 1.023297941968881237e-05
1.000000000000000000e+01 -2.010256410256410220e+01 1.520700224670890405e-05
1.000000000000000000e+01 -1.984615384615384670e+01 2.231743599025690794e-05
1.000000000000000000e+01 -1.958974358974359120e+01 3.236477750658676604e-05
1.000000000000000000e+01 -1.933333333333333570e+01 4.641647312068611966e-05
1.000000000000000000e+01 -1.907692307692307665e+01 6.586832021106744646e-05
1.000000000000000000e+01 -1.882051282051282115e+01 9.252854928463409968e-05
1.000000000000000000e+01 -1.856410256410256565e+01 1.287574257224439111e-04
1.000000000000000000e+01 -1.830769230769230660e+01 1.775774911979598539e-04
1.000000000000000000e+01 -1.805128205128205110e+01 2.427808833837695663e-04
1.000000000000000000e+01 -1.779487179487179560e+01 3.291986699007235992e-04
1.000000000000000000e+01 -1.753846153846154010e+01 4.429981608448544197e-04
1.000000000000000000e+01 -1.728205128205128460e+01 5.918111735330752006e-04
1.000000000000000000e+01 -1.702564102564102555e+01 7.849087634398720439e-04
1.000000000000000000e+01 -1.676923076923077005e+01 1.033828408709884603e-03
1.000000000000000000e+01 -1.651282051282051455e+01 1.353172419158218042e-03
1.000000000000000000e+01 -1.625641025641025550e+01 1.760899816489291990e-03
1.000000000000000000e+01 -1.600000000000000000e+01 2.278235597199054947e-03
