4.000000000000000000e+00 -2.600000000000000000e+01 4.369766962162163060e-10
4.000000000000000000e+00 -2.574358974358974450e+01 1.930116491657638750e-09
4.000000000000000000e+00 -2.548717948717948900e+01 7.830757368125641844e-09
4.000000000000000000e+00 -2.523076923076922995e+01 2.919243586359306736e-08
4.000000000000000000e+00 -2.497435897435897445e+01 1.000380211461948515e-07
4.000000000000000000e+00 -2.471794871794871895e+01 3.152887333749171867e-07
4.000000000000000000e+00 -2.446153846153845990e+01 9.144708056151673831e-07
4.000000000000000000e+00 -2.420512820512820440e+01 2.442764248196912339e-06
4.000000000000000000e+00 -2.394871794871794890e+01 6.015296601555184023e-06
4.000000000000000000e+00 -2.369230769230769340e+01 1.367147335423608418e-05
4.000000000000000000e+00 -2.343589743589743790e+01 2.872190396362171149e-05
4.000000000000000000e+00 -2.317948717948717885e+01 5.588407013093849371e-05
4.000000000000000000e+00 -2.292307692307692335e+01 1.009514683766128337e-04
4.000000000000000000e+00 -2.266666666666666785e+01 1.698498566985225263e-04
4.000000000000000000e+00 -2.241025641025640880e+01 2.672465661580074206e-04
4.000000000000000000e+00 -2.215384615384615330e+01 3.952741296470541977e-04
4.000000000000000000e+00 -2.189743589743589780e+01 5.531294011201050905e-04
4.000000000000000000e+00 -2.164102564102564230e+01 7.380614354883192679e-04
4.000000000000000000e+00 -2.138461538461538680e+01 9.475937493583779132e-04
4.000000000000000000e+00 -2.112820512820512775e+01 1.182123747898318998e-03
4.000000000000000000e+00 -2.087179487179487225e+01 1.446796751766379809e-03
4.000000000000000000e+00 -2.061538461538461675e+01 1.751963374720408827e-03
4.000000000000000000e+00 -2.035897435897435770e+01 2.112318744546718731e-03
4.000000000000000000e+00 -2.010256410256410220e+01 2.545458461177974724e-03
4.000000000000000000e+00 -1.984615384615384670e+01 3.070708326404938786e-03
4.000000000000000000e+00 -1.958974358974359120e+01 3.708738673720221590e-03
4.000000000000000000e+00 -1.933333333333333570e+01 4.481989695209556181e-03
4.000000000000000000e+00 -1.907692307692307665e+01 5.415622530301577101e-03
4.000000000000000000e+00 -1.882051282051282115e+01 6.538667845368929116e-03
4.000000000000000000e+00 -1.856410256410256565e+01 7.885173332514535532e-03
4.000000000000000000e+00 -1.830769230769230660e+01 9.495308313457753724e-03
4.000000000000000000e+00 -1.805128205128205110e+01 1.141648132177360518e-02
4.000000000000000000e+00 -1.779487179487179560e+01 1.370455622968403883e-02
4.000000000000000000e+00 -1.753846153846154010e+01 1.642524338838525361e-02
4.000000000000000000e+00 -1.728205128205128460e+01 1.965572209501940254e-02
4.000000000000000000e+00 -1.702564102564102555e+01 2.348653259782375324e-02
4.000000000000000000e+00 -1.676923076923077005e+01 2.802376703432885030e-02
4.000000000000000000e+00 -1.651282051282051455e+01 3.339160207114400675e-02
4.000000000000000000e+00 -1.625641025641025550e+01 3.973526552169601156e-02
4.000000000000000000e+00 -1.600000000000000000e+01 4.722460379114742923e-02
5.000000000000000000e+00 -2.600000000000000000e+01 8.040549988752606744e-10
5.000000000000000000e+00 -2.574358974358974450e+01 3.221968307689822595e-09
5.000000000000000000e+00 -2.548717948717948900e+01 1.186760864019506684e-08
5.000000000000000000e+00 -2.523076923076922995e+01 4.019985885303894393e-08
5.000000000000000000e+00 -2.497435897435897445e+01 1.253038297782150242e-07
5.000000000000000000e+00 -2.471794871794871895e+01 3.596671114524577294e-07
5.000000000000000000e+00 -2.446153846153845990e+01 9.515406531745031823e-07
5.000000000000000000e+00 -2.420512820512820440e+01 2.322926685366549221e-06
5.000000000000000000e+00 -2.394871794871794890e+01 5.240142402005017289e-06
5.000000000000000000e+00 -2.369230769230769340e+01 1.094290161424208880e-05
5.000000000000000000e+00 -2.343589743589743790e+01 2.120310399107359201e-05
5.000000000000000000e+00 -2.317948717948717885e+01 3.823087773314773840e-05
5.000000000000000000e+00 -2.292307692307692335e+01 6.438655377146674185e-05
5.000000000000000000e+00 -2.266666666666666785e+01 1.017626910445567750e-04
5.000000000000000000e+00 -2.241025641025640880e+01 1.518248954340540549e-04
5.000000000000000000e+00 -2.215384615384615330e+01 2.153525150372561780e-04
5.000000000000000000e+00 -2.189743589743589780e+01 2.928267743521709176e-04
5.000000000000000000e+00 -2.164102564102564230e+01 3.851968851176583962e-04
5.000000000000000000e+00 -2.138461538461538680e+01 4.947444491681517609e-04
5.000000000000000000e+00 -2.112820512820512775e+01 6.257122835543194039e-04
5.000000000000000000e+00 -2.087179487179487225e+01 7.845104629796998070e-04
5.000000000000000000e+00 -2.061538461538461675e+01 9.795583521532659141e-04
5.000000000000000000e+00 -2.035897435897435770e+01 1.221002231691101962e-03
5.000000000000000000e+00 -2.010256410256410220e+01 1.520566584480538075e-03
5.000000000000000000e+00 -1.984615384615384670e+01 1.891682101647070968e-03
5.000000000000000000e+00 -1.958974358974359120e+01 2.349890157638932602e-03
5.000000000000000000e+00 -1.933333333333333570e+01 2.913440174632716921e-03
5.000000000000000000e+00 -1.907692307692307665e+01 3.603993020231963454e-03
5.000000000000000000e+00 -1.882051282051282115e+01 4.447386965418079902e-03
5.000000000000000000e+00 -1.856410256410256565e+01 5.474470027296458874e-03
5.000000000000000000e+00 -1.830769230769230660e+01 6.722031171722360129e-03
5.000000000000000000e+00 -1.805128205128205110e+01 8.233872147242336098e-03
5.000000000000000000e+00 -1.779487179487179560e+01 1.006205995765095673e-02
5.000000000000000000e+00 -1.753846153846154010e+01 1.226839432017279644e-02
5.000000000000000000e+00 -1.728205128205128460e+01 1.492612041284917604e-02
5.000000000000000000e+00 -1.702564102564102555e+01 1.812192323110290576e-02
5.000000000000000000e+00 -1.676923076923077005e+01 2.195826664119784888e-02
5.000000000000000000e+00 -1.651282051282051455e+01 2.655618761450849810e-02
5.000000000000000000e+00 -1.625641025641025550e+01 3.205869468750383033e-02
5.000000000000000000e+00 -1.600000000000000000e+01 3.863489016416485344e-02
6.000000000000000000e+00 -2.600000000000000000e+01 8.205803858575078788e-10
6.000000000000000000e+00 -2.574358974358974450e+01 3.034382513385131847e-09
6.000000000000000000e+00 -2.548717948717948900e+01 1.032401605433524663e-08
6.000000000000000000e+00 -2.523076923076922995e+01 3.234121202120992301e-08
6.000000000000000000e+00 -2.497435897435897445e+01 9.336027221117496618e-08
6.000000000000000000e+00 -2.471794871794871895e+01 2.486125825294448754e-07
6.000000000000000000e+00 -2.446153846153845990e+01 6.115182791799840357e-07
6.000000000000000000e+00 -2.420512820512820440e+01 1.391672512704235025e-06
6.000000000000000000e+00 -2.394871794871794890e+01 2.936360000076451623e-06
6.000000000000000000e+00 -2.369230769230769340e+01 5.759292237049159005e-06
6.000000000000000000e+00 -2.343589743589743790e+01 1.053565187876852476e-05
6.000000000000000000e+00 -2.317948717948717885e+01 1.805105701547906943e-05
6.000000000000000000e+00 -2.292307692307692335e+01 2.911709897564613246e-05
6.000000000000000000e+00 -2.266666666666666785e+01 4.449775309033375060e-05
6.000000000000000000e+00 -2.241025641025640880e+01 6.490706641719071060e-05
6.000000000000000000e+00 -2.215384615384615330e+01 9.111973380921070827e-05
6.000000000000000000e+00 -2.189743589743589780e+01 1.241855295531223450e-04
6.000000000000000000e+00 -2.164102564102564230e+01 1.656861521606780587e-04
6.000000000000000000e+00 -2.138461538461538680e+01 2.179557923349661748e-04
6.000000000000000000e+00 -2.112820512820512775e+01 2.842181808021696041e-04
6.000000000000000000e+00 -2.087179487179487225e+01 3.686510453241776840e-04
6.000000000000000000e+00 -2.061538461538461675e+01 4.764346668533289307e-04
6.000000000000000000e+00 -2.035897435897435770e+01 6.138495678598560046e-04
6.000000000000000000e+00 -2.010256410256410220e+01 7.884640857768693365e-04
6.000000000000000000e+00 -1.984615384615384670e+01 1.009419826404845929e-03
6.000000000000000000e+00 -1.958974358974359120e+01 1.287803248591333407e-03
6.000000000000000000e+00 -1.933333333333333570e+01 1.637090739593907718e-03
6.000000000000000000e+00 -1.907692307692307665e+01 2.073665370381694642e-03
6.000000000000000000e+00 -1.882051282051282115e+01 2.617416168148871142e-03
6.000000000000000000e+00 -1.856410256410256565e+01 3.292439633613108464e-03
6.000000000000000000e+00 -1.830769230769230660e+01 4.127867644822171694e-03
6.000000000000000000e+00 -1.805128205128205110e+01 5.158847187514570103e-03
6.000000000000000000e+00 -1.779487179487179560e+01 6.427697406163628349e-03
6.000000000000000000e+00 -1.753846153846154010e+01 7.985271741844931354e-03
6.000000000000000000e+00 -1.728205128205128460e+01 9.892563422888503780e-03
6.000000000000000000e+00 -1.702564102564102555e+01 1.222261599370620677e-02
6.000000000000000000e+00 -1.676923076923077005e+01 1.506283048288667610e-02
6.000000000000000000e+00 -1.651282051282051455e+01 1.851777182968362967e-02
6.000000000000000000e+00 -1.625641025641025550e+01 2.271253365293170526e-02
6.000000000000000000e+00 -1.600000000000000000e+01 2.779660924666325569e-02
7.000000000000000000e+00 -2.600000000000000000e+01 5.244311466563357575e-10
7.000000000000000000e+00 -2.574358974358974450e+01 1.814088432425929786e-09
7.000000000000000000e+00 -2.548717948717948900e+01 5.781420616524233749e-09
7.000000000000000000e+00 -2.523076923076922995e+01 1.699176455976072571e-08
7.000000000000000000e+00 -2.497435897435897445e+01 4.610962209035979322e-08
7.000000000000000000e+00 -2.471794871794871895e+01 1.157023786635346221e-07
7.000000000000000000e+00 -2.446153846153845990e+01 2.689682740551575065e-07
7.000000000000000000e+00 -2.420512820512820440e+01 5.806086282558762210e-07
7.000000000000000000e+00 -2.394871794871794890e+01 1.167245977864654877e-06
7.000000000000000000e+00 -2.369230769230769340e+01 2.193443741874820072e-06
7.000000000000000000e+00 -2.343589743589743790e+01 3.870258383818117300e-06
7.000000000000000000e+00 -2.317948717948717885e+01 6.447475880378253849e-06
7.000000000000000000e+00 -2.292307692307692335e+01 1.020703111650613995e-05
7.000000000000000000e+00 -2.266666666666666785e+01 1.546965364998543325e-05
7.000000000000000000e+00 -2.241025641025640880e+01 2.262525138886905949e-05
7.000000000000000000e+00 -2.215384615384615330e+01 3.218923058703278457e-05
7.000000000000000000e+00 -2.189743589743589780e+01 4.487656901516856958e-05
7.000000000000000000e+00 -2.164102564102564230e+01 6.168026079778222016e-05
7.000000000000000000e+00 -2.138461538461538680e+01 8.394474210224079106e-05
7.000000000000000000e+00 -2.112820512820512775e+01 1.134354166403658853e-04
7.000000000000000000e+00 -2.087179487179487225e+01 1.524153776281587068e-04
7.000000000000000000e+00 -2.061538461538461675e+01 2.037442324417560076e-04
7.000000000000000000e+00 -2.035897435897435770e+01 2.710112359877176868e-04
7.000000000000000000e+00 -2.010256410256410220e+01 3.587096887770050194e-04
7.000000000000000000e+00 -1.984615384615384670e+01 4.724560824452076748e-04
7.000000000000000000e+00 -1.958974358974359120e+01 6.192575384268844685e-04
7.000000000000000000e+00 -1.933333333333333570e+01 8.078338289427074333e-04
7.000000000000000000e+00 -1.907692307692307665e+01 1.049003940131333634e-03
7.000000000000000000e+00 -1.882051282051282115e+01 1.356150509938275611e-03
7.000000000000000000e+00 -1.856410256410256565e+01 1.745778104008026497e-03
7.000000000000000000e+00 -1.830769230769230660e+01 2.238183209945843188e-03
7.000000000000000000e+00 -1.805128205128205110e+01 2.858255684224340464e-03
7.000000000000000000e+00 -1.779487179487179560e+01 3.636435149297818394e-03
7.000000000000000000e+00 -1.753846153846154010e+01 4.609854649342121774e-03
7.000000000000000000e+00 -1.728205128205128460e+01 5.823719149633402661e-03
7.000000000000000000e+00 -1.702564102564102555e+01 7.332982694124658835e-03
7.000000000000000000e+00 -1.676923076923077005e+01 9.204390132702109512e-03
7.000000000000000000e+00 -1.651282051282051455e+01 1.151891980599058750e-02
7.000000000000000000e+00 -1.625641025641025550e+01 1.437460153257854624e-02
7.000000000000000000e+00 -1.600000000000000000e+01 1.788962562153711272e-02
8.000000000000000000e+00 -2.600000000000000000e+01 2.275489279220385184e-10
8.000000000000000000e+00 -2.574358974358974450e+01 7.449374448110211865e-10
8.000000000000000000e+00 -2.548717948717948900e+01 2.250871697116532993e-09
8.000000000000000000e+00 -2.523076923076922995e+01 6.285689459022474459e-09
8.000000000000000000e+00 -2.497435897435897445e+01 1.624988799624834942e-08
8.000000000000000000e+00 -2.471794871794871895e+01 3.897097958304284258e-08
8.000000000000000000e+00 -2.446153846153845990e+01 8.692422647188818657e-08
8.000000000000000000e+00 -2.420512820512820440e+01 1.808962284518595863e-07
8.000000000000000000e+00 -2.394871794871794890e+01 3.526180777262770214e-07
8.000000000000000000e+00 -2.369230769230769340e+01 6.468820381928551753e-07
8.000000000000000000e+00 -2.343589743589743790e+01 1.123147959730448077e-06
8.000000000000000000e+00 -2.317948717948717885e+01 1.857619559466669330e-06
8.000000000000000000e+00 -2.292307692307692335e+01 2.947753451967697224e-06
8.000000000000000000e+00 -2.266666666666666785e+01 4.521445572080750360e-06
8.000000000000000000e+00 -2.241025641025640880e+01 6.752346637553436300e-06
8.000000000000000000e+00 -2.215384615384615330e+01 9.881317452305832195e-06
8.000000000000000000e+00 -2.189743589743589780e+01 1.424299653172202704e-05
8.000000000000000000e+00 -2.164102564102564230e+01 2.029669344195187384e-05
8.000000000000000000e+00 -2.138461538461538680e+01 2.866231869591766930e-05
8.000000000000000000e+00 -2.112820512820512775e+01 4.016393387720046653e-05
8.000000000000000000e+00 -2.087179487179487225e+01 5.588477454652034126e-05
8.000000000000000000e+00 -2.061538461538461675e+01 7.723793141082405697e-05
8.000000000000000000e+00 -2.035897435897435770e+01 1.060566861971616083e-04
8.000000000000000000e+00 -2.010256410256410220e+01 1.447084627525074395e-04
8.000000000000000000e+00 -1.984615384615384670e+01 1.962368893302996115e-04
8.000000000000000000e+00 -1.958974358974359120e+01 2.645375933942425073e-04
8.000000000000000000e+00 -1.933333333333333570e+01 3.545748659368095322e-04
8.000000000000000000e+00 -1.907692307692307665e+01 4.726480282796452189e-04
8.000000000000000000e+00 -1.882051282051282115e+01 6.267180587367407983e-04
8.000000000000000000e+00 -1.856410256410256565e+01 8.268067410457167858e-04
8.000000000000000000e+00 -1.830769230769230660e+01 1.085482565338363389e-03
8.000000000000000000e+00 -1.805128205128205110e+01 1.418450782827047462e-03
8.000000000000000000e+00 -1.779487179487179560e+01 1.845270772968741514e-03
8.000000000000000000e+00 -1.753846153846154010e+01 2.390232616264271331e-03
8.000000000000000000e+00 -1.728205128205128460e+01 3.083433528505001055e-03
8.000000000000000000e+00 -1.702564102564102555e+01 3.962096373686570423e-03
8.000000000000000000e+00 -1.676923076923077005e+01 5.072159004343286710e-03
8.000000000000000000e+00 -1.651282051282051455e+01 6.470135322320446497e-03
8.000000000000000000e+00 -1.625641025641025550e+01 8.225225326184342628e-03
8.000000000000000000e+00 -1.600000000000000000e+01 1.042166890013562948e-02
9.000000000000000000e+00 -2.600000000000000000e+01 7.102279913051891365e-11
9.000000000000000000e+00 -2.574358974358974450e+01 2.223908782521032960e-10
9.000000000000000000e+00 -2.548717948717948900e+01 6.442485798876657767e-10
9.000000000000000000e+00 -2.523076923076922995e+01 1.729823925962300709e-09
9.000000000000000000e+00 -2.497435897435897445e+01 4.314584883461244245e-09
9.000000000000000000e+00 -2.471794871794871895e+01 1.002452172392344818e-08
9.000000000000000000e+00 -2.446153846153845990e+01 2.176906223155306376e-08
9.000000000000000000e+00 -2.420512820512820440e+01 4.436464618068564067e-08
9.000000000000000000e+00 -2.394871794871794890e+01 8.526302951485639049e-08
9.000000000000000000e+00 -2.369230769230769340e+01 1.554014847548512103e-07
9.000000000000000000e+00 -2.343589743589743790e+01 2.703109393931048754e-07
9.000000000000000000e+00 -2.317948717948717885e+01 4.517827175726162377e-07
9.000000000000000000e+00 -2.292307692307692335e+01 7.305254093536364538e-07
9.000000000000000000e+00 -2.266666666666666785e+01 1.150266306623880830e-06
9.000000000000000000e+00 -2.241025641025640880e+01 1.773671053522616769e-06
9.000000000000000000e+00 -2.215384615384615330e+01 2.690373010776939101e-06
9.000000000000000000e+00 -2.189743589743589780e+01 4.027452477559632406e-06
9.000000000000000000e+00 -2.164102564102564230e+01 5.962943953762115138e-06
9.000000000000000000e+00 -2.138461538461538680e+01 8.743320112926679356e-06
9.000000000000000000e+00 -2.112820512820512775e+01 1.270629010169044725e-05
9.000000000000000000e+00 -2.087179487179487225e+01 1.831058576675357631e-05
9.000000000000000000e+00 -2.061538461538461675e+01 2.617471294277613886e-05
9.000000000000000000e+00 -2.035897435897435770e+01 3.712699768926755570e-05
9.000000000000000000e+00 -2.010256410256410220e+01 5.226973861347669289e-05
9.000000000000000000e+00 -1.984615384615384670e+01 7.306092669815498889e-05
9.000000000000000000e+00 -1.958974358974359120e+01 1.014178187742824724e-04
9.000000000000000000e+00 -1.933333333333333570e+01 1.398476347957130833e-04
9.000000000000000000e+00 -1.907692307692307665e+01 1.916117653523884861e-04
9.000000000000000000e+00 -1.882051282051282115e+01 2.609311206766277611e-04
9.000000000000000000e+00 -1.856410256410256565e+01 3.532417528708704248e-04
9.000000000000000000e+00 -1.830769230769230660e+01 4.755120246028003575e-04
9.000000000000000000e+00 -1.805128205128205110e+01 6.366359392827267713e-04
9.000000000000000000e+00 -1.779487179487179560e+01 8.479219546823967913e-04
9.000000000000000000e+00 -1.753846153846154010e+01 1.123701506575241994e-03
9.000000000000000000e+00 -1.728205128205128460e+01 1.482083638678263846e-03
9.000000000000000000e+00 -1.702564102564102555e+01 1.945878267256903301e-03
9.000000000000000000e+00 -1.676923076923077005e+01 2.543700743643657371e-03
9.000000000000000000e+00 -1.651282051282051455e+01 3.311262170297514084e-03
9.000000000000000000e+00 -1.625641025641025550e+01 4.292859543875368784e-03
9.000000000000000000e+00 -1.600000000000000000e+01 5.543125859506354419e-03
1.000000000000000000e+01 -2.600000000000000000e+01 1.666666582210751350e-11
1.000000000000000000e+01 -2.574358974358974450e+01 5.042427029315945397e-11
1.000000000000000000e+01 -2.548717948717948900e+01 1.415699069044404638e-10
1.000000000000000000e+01 -2.523076923076922995e+01 3.697319052213990594e-10
1.000000000000000000e+01 -2.497435897435897445e+01 9.008514792195067254e-10
1.000000000000000000e+01 -2.471794871794871895e+01 2.054908201457157785e-09
1.000000000000000000e+01 -2.446153846153845990e+01 4.406705200340095821e-09
1.000000000000000000e+01 -2.420512820512820440e+01 8.927464575980687046e-09
1.000000000000000000e+01 -2.394871794871794890e+01 1.718033907084803057e-08
1.000000000000000000e+01 -2.369230769230769340e+01 3.159747516935644660e-08
1.000000000000000000e+01 -2.343589743589743790e+01 5.589105300543600700e-08
1.000000000000000000e+01 -2.317948717948717885e+01 9.568129535450936746e-08
1.000000000000000000e+01 -2.292307692307692335e+01 1.594533001464475181e-07
1.000000000000000000e+01 -2.266666666666666785e+01 2.599783274567297956e-07
1.000000000000000000e+01 -2.241025641025640880e+01 4.163603660296651666e-07
1.000000000000000000e+01 -2.215384615384615330e+01 6.569099224602323929e-07
1.000000000000000000e+01 -2.189743589743589780e+01 1.023117465992464410e-06
1.000000000000000000e+01 -2.164102564102564230e+01 1.575103104373267302e-06
1.000000000000000000e+01 -2.138461538461538680e+01 2.399052535002020931e-06
1.000000000000000000e+01 -2.112820512820512775e+01 3.617307538118278939e-06
1.000000000000000000e+01 -2.087179487179487225e+01 5.401965490831982101e-06
1.000000000000000000e+01 -2.061538461538461675e+01 7.993068954689590278e-06
1.000000000000000000e+01 -2.035897435897435770e+01 1.172275051286502802e-05
1.000000000000000000e+01 -2.010256410256410220e+01 1.704705706399974665e-05
1.000000000000000000e+01 -1.984615384615384670e+01 2.458762682435286013e-05
1.000000000000000000e+01 -1.958974358974359120e+01 3.518594223761990054e-05
1.000000000000000000e+01 -1.933333333333333570e+01 4.997353885544040229e-05
1.000000000000000000e+01 -1.907692307692307665e+01 7.046232661517403827e-05
1.000000000000000000e+01 -1.882051282051282115e+01 9.866013146625192756e-05
1.000000000000000000e+01 -1.856410256410256565e+01 1.372178365067162149e-04
1.000000000000000000e+01 -1.830769230769230660e+01 1.896163072034124297e-04
1.000000000000000000e+01 -1.805128205128205110e+01 2.604037272463314949e-04
1.000000000000000000e+01 -1.779487179487179560e+01 3.554967059136846701e-04
1.000000000000000000e+01 -1.753846153846154010e+01 4.825605387033372429e-04
1.000000000000000000e+01 -1.728205128205128460e+01 6.514840329342487784e-04
1.000000000000000000e+01 -1.702564102564102555e+01 8.749620960080443585e-04
1.000000000000000000e+01 -1.676923076923077005e+01 1.169197355674396694e-03
1.000000000000000000e+01 -1.651282051282051455e+01 1.554736607817502414e-03
1.000000000000000000e+01 -1.625641025641025550e+01 2.057477039570394968e-03
1.000000000000000000e+01 -1.600000000000000000e+01 2.709916539807277151e-03
