# z , k
1.000000000000000000e+00 1.679323501932840912e-01
1.179487179487179516e+00 2.019575565169377807e-01
1.358974358974359031e+00 2.414175211183913761e-01
1.538461538461538325e+00 2.917640614582248659e-01
1.717948717948718063e+00 3.541362361809690662e-01
1.897435897435897356e+00 4.326573540686836639e-01
2.076923076923076650e+00 5.292792194756273938e-01
2.256410256410256387e+00 6.484550277597369572e-01
2.435897435897436125e+00 7.951037877820114064e-01
2.615384615384615419e+00 9.757989407317029240e-01
2.794871794871794712e+00 1.198280711348238103e+00
2.974358974358974450e+00 1.472523107953097599e+00
3.153846153846153744e+00 1.810983989113310821e+00
3.333333333333333481e+00 2.229030671404206743e+00
3.512820512820512775e+00 2.746060097251407761e+00
3.692307692307692513e+00 3.386075130353795259e+00
3.871794871794871806e+00 4.179451786964544446e+00
4.051282051282051100e+00 5.164942154446567457e+00
4.230769230769230838e+00 6.391144465688578080e+00
4.410256410256410575e+00 7.918790206360461603e+00
4.589743589743589425e+00 9.825387516875631277e+00
4.769230769230769162e+00 1.221186627904093136e+01
4.948717948717948900e+00 1.520545817394749299e+01
5.128205128205128638e+00 1.897096121076569020e+01
5.307692307692307487e+00 2.372846278874049375e+01
5.487179487179487225e+00 2.976859951727537990e+01
5.666666666666666963e+00 3.750413444819060516e+01
5.846153846153845812e+00 4.752583082924844149e+01
6.025641025641025550e+00 6.077843325893362447e+01
6.205128205128205288e+00 7.897770330952266704e+01
6.384615384615385025e+00 1.061274712878690423e+02
6.564102564102563875e+00 1.601188113344318253e+02
6.743589743589743613e+00 2.159413993073477798e+02
6.923076923076923350e+00 2.162235241982506579e+02
7.102564102564102200e+00 2.164407941375168605e+02
7.282051282051281937e+00 2.165930129831984061e+02
7.461538461538461675e+00 2.167018062682097934e+02
7.641025641025641413e+00 2.167671084676225917e+02
7.820512820512820262e+00 2.168324303455849815e+02
8.000000000000000000e+00 2.168759891996822091e+02
