4.000000000000000000e+00 -2.439655929816952451e+01 6.150814159292035121e-01 3.761700181194086631e-06 3.009360144955269135e-06
4.000000000000000000e+00 -2.378147788224032055e+01 6.150814159292039562e-01 1.128510054358225015e-05 6.771060326149351107e-06
4.000000000000000000e+00 -2.316639646631111660e+01 6.150814159292035121e-01 1.083369652183896855e-04 2.166739304367793777e-05
4.000000000000000000e+00 -2.255131505038191264e+01 6.150814159292030681e-01 2.588049724661533506e-04 5.176099449323067825e-05
4.000000000000000000e+00 -2.193623363445270869e+01 6.150814159292039562e-01 5.251333452946940978e-04 1.050266690589388196e-04
4.000000000000000000e+00 -2.132115221852350473e+01 6.150814159292035121e-01 1.221800218851839094e-03 2.443600437703678623e-04
4.000000000000000000e+00 -2.070607080259430077e+01 6.149834100891120592e-01 1.712598804540738573e-03 3.425197609081476928e-04
4.000000000000000000e+00 -2.009355465898107340e+01 6.069696493142671123e-01 2.329877856057010598e-03 4.659755712114021088e-04
4.000000000000000000e+00 -1.949275617968181962e+01 5.949833293291661995e-01 3.399560606702695283e-03 6.799121213405391433e-04
4.000000000000000000e+00 -1.861233500378084216e+01 5.794744649291274641e-01 8.113461579424422268e-03 1.622692315884884670e-03
4.000000000000000000e+00 -1.747094760261739665e+01 5.626615661236238353e-01 2.255106095669799290e-02 4.510212191339599101e-03
4.000000000000000000e+00 -1.635947084093108828e+01 5.494054520853559609e-01 2.427436012816094196e-02 7.361481870927364529e-03
5.000000000000000000e+00 -2.502887193301301494e+01 6.448999999999998067e-01 7.181214167278019714e-07 7.181214167278019714e-07
5.000000000000000000e+00 -2.438397193301301513e+01 6.448999999999998067e-01 2.872485666911207885e-06 1.436242833455603943e-06
5.000000000000000000e+00 -2.373907193301301533e+01 6.449000000000002508e-01 2.010739966837844249e-05 5.026849917094610623e-06
5.000000000000000000e+00 -2.309417193301301197e+01 6.448999999999998067e-01 6.606717033895778560e-05 1.321343406779155780e-05
5.000000000000000000e+00 -2.244927193301301216e+01 6.449000000000002508e-01 1.881478111826840390e-04 3.762956223653680915e-05
5.000000000000000000e+00 -2.180437193301301235e+01 6.449000000000002508e-01 4.193829073690360718e-04 8.387658147380723603e-05
5.000000000000000000e+00 -2.115947193301301255e+01 6.448999999999993626e-01 6.312287253037384641e-04 1.262457450607476982e-04
5.000000000000000000e+00 -2.051457193301301274e+01 6.439678759195679447e-01 1.146342436060787369e-03 2.292684872121575281e-04
5.000000000000000000e+00 -1.987671010065535171e+01 6.273833430033781688e-01 1.593712262539505493e-03 3.187424525079011095e-04
5.000000000000000000e+00 -1.895784304218223681e+01 5.992062472812840213e-01 3.570720844985219265e-03 7.141441689970438964e-04
5.000000000000000000e+00 -1.778930698540651534e+01 5.710843823815654474e-01 7.120073687727908676e-03 1.424014737545581822e-03
5.000000000000000000e+00 -1.666854562376607163e+01 5.509341856691918338e-01 2.111592786216580364e-02 6.170020322782523818e-03
6.000000000000000000e+00 -2.444394306285544616e+01 7.069999999999998508e-01 1.310775069270918083e-06 1.310775069270918083e-06
6.000000000000000000e+00 -2.373694306285544542e+01 7.069999999999998508e-01 9.175425484896426796e-06 3.276937673177295526e-06
6.000000000000000000e+00 -2.302994306285544468e+01 7.069999999999998508e-01 3.342476426640840996e-05 7.209262880990049141e-06
6.000000000000000000e+00 -2.232294306285544394e+01 7.070000000000002949e-01 1.107604933533924983e-04 2.215209867067850102e-05
6.000000000000000000e+00 -2.161594306285544320e+01 7.069999999999998508e-01 2.077578484794405259e-04 4.155156969588810924e-05
6.000000000000000000e+00 -2.090894306285544602e+01 7.070000000000007390e-01 4.745005750760717647e-04 9.490011501521435566e-05
6.000000000000000000e+00 -2.020194306285544528e+01 7.005510402121055691e-01 7.586495880635396160e-04 1.517299176127079286e-04
6.000000000000000000e+00 -1.920035015807993872e+01 6.324473207418961351e-01 2.066057204213151213e-03 4.132114408426302210e-04
6.000000000000000000e+00 -1.800346387145973637e+01 5.714547816099457833e-01 6.778631058612098921e-03 1.355726211722419567e-03
6.000000000000000000e+00 -1.689724453434036988e+01 5.385495590724325154e-01 1.471255252929589905e-02 4.525615573338972845e-03
7.000000000000000000e+00 -2.388570441379604858e+01 7.069999999999998508e-01 6.556322804752242491e-07 1.311264560950448498e-06
7.000000000000000000e+00 -2.317870441379604785e+01 7.069999999999998508e-01 2.688092349948419728e-05 7.211955085227466634e-06
7.000000000000000000e+00 -2.247170441379605066e+01 7.070000000000002949e-01 3.081471718233551885e-05 9.834484207128358125e-06
7.000000000000000000e+00 -2.176470441379604992e+01 7.069999999999998508e-01 1.298151915340943876e-04 2.596303830681888022e-05
7.000000000000000000e+00 -2.105770441379604918e+01 7.069999999999998508e-01 1.855439353744884853e-04 4.327173051136480489e-05
7.000000000000000000e+00 -2.035070441379604844e+01 7.064752375884202351e-01 3.864542543122948524e-04 8.267102893607664721e-05
7.000000000000000000e+00 -1.965692029793700257e+01 6.667672637293238225e-01 8.147663505439141796e-04 2.335848923061050679e-04
7.000000000000000000e+00 -1.901742543420250442e+01 6.166824745646026784e-01 1.077120585304649353e-03 3.149431439236901687e-04
7.000000000000000000e+00 -1.813263991486787674e+01 5.682885470922558468e-01 4.698219702096911865e-03 1.174554925524227966e-03
7.000000000000000000e+00 -1.703555303503101825e+01 5.334300886722767032e-01 7.229787946723703444e-03 2.519998202583983299e-03
8.000000000000000000e+00 -2.299584137998386524e+01 6.552499999999996660e-01 2.122833827791934959e-06 1.415222551861289761e-06
8.000000000000000000e+00 -2.234059137998386646e+01 6.552500000000001101e-01 8.491335311167734755e-06 2.830445103722577828e-06
8.000000000000000000e+00 -2.168534137998386768e+01 6.552499999999996660e-01 2.901206231315644826e-05 7.783724035237094428e-06
8.000000000000000000e+00 -2.070246637998386774e+01 6.552500000000005542e-01 8.491335311167728657e-05 2.830445103722576219e-05
8.000000000000000000e+00 -1.972211568168679108e+01 6.383512566377680386e-01 4.772076821531903257e-04 1.692380364409335175e-04
8.000000000000000000e+00 -1.881295713811539372e+01 5.795105124222708071e-01 8.801022698916442007e-04 2.720316106937809703e-04
8.000000000000000000e+00 -1.770173688375211896e+01 5.375581066595795932e-01 2.604853492272754534e-03 9.832890666195165819e-04
9.000000000000000000e+00 -2.197693480342595507e+01 8.000000000000000444e-01 9.275286728897789363e-07 9.275286728897789363e-07
9.000000000000000000e+00 -2.117693480342595436e+01 8.000000000000000444e-01 6.492700710228453189e-06 2.782586018669337021e-06
9.000000000000000000e+00 -2.037693480342595365e+01 8.000000000000000444e-01 2.411574549513425446e-05 8.347758056008010638e-06
9.000000000000000000e+00 -1.917693480342595436e+01 8.000000000000000444e-01 1.734478618303886787e-04 1.391293009334668553e-04
9.000000000000000000e+00 -1.797693480342595507e+01 8.000000000000000444e-01 8.561089650772659961e-04 4.646918651177793210e-04
1.000000000000000000e+01 -2.130675344167828911e+01 8.000000000000000444e-01 9.276935073819492651e-07 9.276935073819492651e-07
1.000000000000000000e+01 -2.030675344167828911e+01 8.000000000000000444e-01 9.276935073819493922e-06 4.638467536909746961e-06
1.000000000000000000e+01 -1.930675344167828911e+01 8.000000000000000444e-01 3.154157925098627629e-05 2.040925716240288426e-05
1.000000000000000000e+01 -1.830675344167828911e+01 8.000000000000000444e-01 1.762617664025703794e-04 1.113232208858339203e-04
1.000000000000000000e+01 -1.730675344167828911e+01 8.000000000000000444e-01 5.844469096506281188e-04 4.824006238386135959e-04
