# z , MUV , MUV bin width , Phi_UV [Mpc^-3 mag^-1] , sigma_Phi_UV  [Mpc^-3 mag^-1]
4.000000000000000000e+00 -2.423591099548189476e+01 5.281780090362104829e-01 1.515573808558764985e-06 5.386315328823575335e-06
4.000000000000000000e+00 -2.370773298644568428e+01 5.281780090362104829e-01 1.521994155376220093e-05 5.386418194638988461e-06
4.000000000000000000e+00 -2.317955497740947379e+01 5.281780090362104829e-01 7.956135823802089183e-05 5.386901118954649404e-06
4.000000000000000000e+00 -2.265137696837326331e+01 5.281780090362104829e-01 2.433159425528218678e-04 1.316413979798494361e-05
4.000000000000000000e+00 -2.212319895933705283e+01 5.281780090362104829e-01 5.181862724976137903e-04 2.590931362488068952e-05
4.000000000000000000e+00 -2.159502095030084234e+01 5.281780090362104829e-01 9.024207416144657164e-04 4.512103708072328853e-05
5.000000000000000000e+00 -2.424019495507580757e+01 5.196100898483884123e-01 3.133614768824037006e-06 3.978841126178347261e-06
5.000000000000000000e+00 -2.372058486522741561e+01 5.196100898483884123e-01 1.803257024814722831e-05 3.979012571434208897e-06
5.000000000000000000e+00 -2.320097477537903075e+01 5.196100898483884123e-01 5.825483259307713248e-05 3.979475380152353089e-06
5.000000000000000000e+00 -2.268136468553063878e+01 5.196100898483884123e-01 1.336792551426183148e-04 7.326458650703084569e-06
5.000000000000000000e+00 -2.216175459568224682e+01 5.196100898483884123e-01 2.544351423284911822e-04 1.272175711642455979e-05
6.000000000000000000e+00 -2.423299572443762173e+01 5.340085511247565364e-01 2.226923281818623332e-06 7.970586814843396842e-07
6.000000000000000000e+00 -2.369898717331286520e+01 5.340085511247565364e-01 8.884274906876795178e-06 7.974747395027386631e-07
6.000000000000000000e+00 -2.316497862218811221e+01 5.340085511247565364e-01 2.461872806208643274e-05 1.743709561852474483e-06
6.000000000000000000e+00 -2.263097007106335923e+01 5.340085511247565364e-01 5.480660789075072716e-05 3.097455096409159843e-06
7.000000000000000000e+00 -2.420858129756981469e+01 5.828374048603706115e-01 7.512915697699777512e-07 2.681187491397359349e-07
7.000000000000000000e+00 -2.362574389270944408e+01 5.828374048603706115e-01 2.912782676343825212e-06 2.685290021219635487e-07
7.000000000000000000e+00 -2.304290648784907347e+01 5.828374048603706115e-01 8.605323789590100126e-06 6.134139193153184042e-07
8.000000000000000000e+00 -2.426415354461830987e+01 4.716929107633838214e-01 1.172435053552324016e-07 4.145167281834306208e-08
8.000000000000000000e+00 -2.379246063385492249e+01 4.716929107633838214e-01 3.947710400816823993e-07 4.191686321038762177e-08
8.000000000000000000e+00 -2.332076772309153512e+01 4.716929107633838214e-01 1.130931691108338183e-06 9.705985989419625954e-08
9.000000000000000000e+00 -2.421933399253179431e+01 5.613320149364113831e-01 2.048900750952271806e-08 3.100062258929047070e-09
9.000000000000000000e+00 -2.365800197759538293e+01 5.613320149364113831e-01 9.155214747925974038e-08 1.004825613514634567e-08
1.000000000000000000e+01 -2.428440003727426699e+01 4.311999254514695679e-01 1.668765392790226986e-09 6.025526889233222159e-10
1.000000000000000000e+01 -2.385320011182279387e+01 4.311999254514695679e-01 4.264622670463913293e-09 1.020075107839030137e-09
