# z , MUV , MUV bin width , Phi_UV [Mpc^-3 mag^-1] , sigma_Phi_UV  [Mpc^-3 mag^-1]
4.000000000000000000e+00 -2.374531569469770176e+01 5.093686106045929307e-01 1.247639322413543514e-05 1.620833706101736330e-05
4.000000000000000000e+00 -2.323594708409311238e+01 5.093686106045929307e-01 6.197950182312440674e-05 1.681170497339632889e-05
4.000000000000000000e+00 -2.272657847348851590e+01 5.093686106045929307e-01 2.020370773714835050e-04 4.388940668875565586e-05
4.000000000000000000e+00 -2.221720986288391941e+01 5.093686106045929307e-01 4.620290135905638727e-04 8.208803332857238222e-05
4.000000000000000000e+00 -2.170784125227933004e+01 5.093686106045929307e-01 7.980867020471150378e-04 1.171810254510423848e-04
4.000000000000000000e+00 -2.119847264167473355e+01 5.093686106045929307e-01 1.281043859110422281e-03 1.579281812741447255e-04
4.000000000000000000e+00 -2.068910403107013707e+01 5.093686106045929307e-01 1.900033948746560888e-03 1.999054199701524089e-04
4.000000000000000000e+00 -2.017973542046554769e+01 5.093686106045929307e-01 2.738367080548951421e-03 2.494930795880294090e-04
4.000000000000000000e+00 -1.967036680986095121e+01 5.093686106045929307e-01 3.966688116679962031e-03 3.166923165553388905e-04
4.000000000000000000e+00 -1.916099819925635472e+01 5.093686106045929307e-01 5.429645838284230530e-03 3.872507569597723230e-04
4.000000000000000000e+00 -1.865162958865175824e+01 5.093686106045929307e-01 7.521655256963456077e-03 4.860146172110505511e-04
4.000000000000000000e+00 -1.814226097804716886e+01 5.093686106045929307e-01 1.035500391173485753e-02 6.102275627801580574e-04
4.000000000000000000e+00 -1.763289236744257238e+01 5.093686106045929307e-01 1.411120320079473078e-02 7.629139377142577427e-04
4.000000000000000000e+00 -1.712352375683797590e+01 5.093686106045929307e-01 1.926556345955287436e-02 9.632781729776437396e-04
4.000000000000000000e+00 -1.661415514623338652e+01 5.093686106045929307e-01 2.577582593676625705e-02 1.288791296838312896e-03
5.000000000000000000e+00 -2.375561818745887166e+01 4.887636250822602335e-01 1.355138031808268856e-05 1.503735466331237536e-05
5.000000000000000000e+00 -2.326685456237660787e+01 4.887636250822602335e-01 5.654196615475879658e-05 1.569111411354782052e-05
5.000000000000000000e+00 -2.277809093729434409e+01 4.887636250822602335e-01 1.172895330978880938e-04 2.648414896077087873e-05
5.000000000000000000e+00 -2.228932731221208741e+01 4.887636250822602335e-01 2.266351535955208110e-04 4.205035915468981309e-05
5.000000000000000000e+00 -2.180056368712982362e+01 4.887636250822602335e-01 3.635508237058045471e-04 5.613934238169676421e-05
5.000000000000000000e+00 -2.131180006204755983e+01 4.887636250822602335e-01 6.074756694312929582e-04 7.861164883216092839e-05
5.000000000000000000e+00 -2.082303643696529605e+01 4.887636250822602335e-01 9.084097702880256347e-04 1.007817626383684278e-04
5.000000000000000000e+00 -2.033427281188303937e+01 4.887636250822602335e-01 1.378502480632549151e-03 1.319061432551571879e-04
5.000000000000000000e+00 -1.984550918680077558e+01 4.887636250822602335e-01 2.059342519372083131e-03 1.733123838851902479e-04
5.000000000000000000e+00 -1.935674556171851179e+01 4.887636250822602335e-01 2.935509350282601744e-03 2.189156953716581502e-04
5.000000000000000000e+00 -1.886798193663624801e+01 4.887636250822602335e-01 4.169152248204611999e-03 2.823871334727158901e-04
5.000000000000000000e+00 -1.837921831155399133e+01 4.887636250822602335e-01 5.799990776139390264e-03 3.576091632197012614e-04
5.000000000000000000e+00 -1.789045468647172754e+01 4.887636250822602335e-01 8.120547833366929813e-03 4.605133980920638305e-04
5.000000000000000000e+00 -1.740169106138946375e+01 4.887636250822602335e-01 1.141259867270805195e-02 5.956660455662657252e-04
5.000000000000000000e+00 -1.691292743630720707e+01 4.887636250822602335e-01 1.560184434690154581e-02 7.800922173450772906e-04
6.000000000000000000e+00 -2.374633016194072610e+01 5.073396761185442472e-01 8.055576585633001784e-06 6.038972808328358833e-06
6.000000000000000000e+00 -2.323899048582218541e+01 5.073396761185442472e-01 2.013894146408250446e-05 6.523254328104602004e-06
6.000000000000000000e+00 -2.273165080970363761e+01 5.073396761185442472e-01 5.085082719680832037e-05 1.269196308803323898e-05
6.000000000000000000e+00 -2.222431113358508981e+01 5.073396761185442472e-01 1.067363897596372601e-04 2.167463442335470437e-05
6.000000000000000000e+00 -2.171697145746654911e+01 5.073396761185442472e-01 1.465107991512001895e-04 2.493804297777413504e-05
6.000000000000000000e+00 -2.120963178134800131e+01 5.073396761185442472e-01 2.809382334239509033e-04 4.004264262821747249e-05
6.000000000000000000e+00 -2.070229210522946062e+01 5.073396761185442472e-01 4.692373361131223133e-04 5.665037931846737107e-05
6.000000000000000000e+00 -2.019495242911091282e+01 5.073396761185442472e-01 7.290296809997865802e-04 7.707180879783203373e-05
6.000000000000000000e+00 -1.968761275299236502e+01 5.073396761185442472e-01 1.211357329064562637e-03 1.123750385297997737e-04
6.000000000000000000e+00 -1.918027307687382432e+01 5.073396761185442472e-01 1.824084623109272635e-03 1.529715946555768513e-04
6.000000000000000000e+00 -1.867293340075527652e+01 5.073396761185442472e-01 2.747958562774057822e-03 2.088856556995309025e-04
6.000000000000000000e+00 -1.816559372463672872e+01 5.073396761185442472e-01 4.062024493305440784e-03 2.831026056054648929e-04
6.000000000000000000e+00 -1.765825404851818803e+01 5.073396761185442472e-01 5.923366158123266438e-03 3.789050924152258270e-04
6.000000000000000000e+00 -1.715091437239964023e+01 5.073396761185442472e-01 8.547973704429818673e-03 5.085792759224981715e-04
7.000000000000000000e+00 -2.375126975125110818e+01 4.974604974977836491e-01 4.582554597184241858e-06 2.384899880051568440e-06
7.000000000000000000e+00 -2.325380925375332453e+01 4.974604974977836491e-01 6.301012571128333402e-06 2.718527683918426010e-06
7.000000000000000000e+00 -2.275634875625554088e+01 4.974604974977836491e-01 1.317484446690469619e-05 4.320422446609782900e-06
7.000000000000000000e+00 -2.225888825875775368e+01 4.974604974977836491e-01 2.634968893380939238e-05 6.789165990466627721e-06
7.000000000000000000e+00 -2.176142776125997003e+01 4.974604974977836491e-01 5.269937786761878475e-05 1.085746025486557942e-05
7.000000000000000000e+00 -2.126396726376218638e+01 4.974604974977836491e-01 1.042531170859415073e-04 1.752733823575894722e-05
7.000000000000000000e+00 -2.076650676626440273e+01 4.974604974977836491e-01 1.649719654986327069e-04 2.365188992108295909e-05
7.000000000000000000e+00 -2.026904626876661553e+01 4.974604974977836491e-01 3.013029647648639005e-04 3.742327246622889744e-05
7.000000000000000000e+00 -1.977158577126883188e+01 4.974604974977836491e-01 4.794497747304013696e-04 5.286318753862916944e-05
7.000000000000000000e+00 -1.927412527377104823e+01 4.974604974977836491e-01 7.922091259882259187e-04 7.867408767269026034e-05
7.000000000000000000e+00 -1.877666477627326458e+01 4.974604974977836491e-01 1.230988728668617116e-03 1.111755440977804128e-04
7.000000000000000000e+00 -1.827920427877548093e+01 4.974604974977836491e-01 1.929828304739214084e-03 1.596241472224830128e-04
7.000000000000000000e+00 -1.778174378127769728e+01 4.974604974977836491e-01 3.010165551025398897e-03 2.289573741295708128e-04
7.000000000000000000e+00 -1.728428328377991008e+01 4.974604974977836491e-01 4.386650388154615839e-03 3.089657224530893980e-04
8.000000000000000000e+00 -2.375775911091354331e+01 4.844817781729133799e-01 6.530553215650361643e-07 7.070086336090885218e-07
8.000000000000000000e+00 -2.327327733274062993e+01 4.844817781729133799e-01 1.306110643130072329e-06 1.021684335856082782e-06
8.000000000000000000e+00 -2.278879555456771655e+01 4.844817781729133799e-01 4.571387250955252515e-06 2.141072566226626138e-06
8.000000000000000000e+00 -2.230431377639480317e+01 4.844817781729133799e-01 5.877497894085325267e-06 2.379618465596059216e-06
8.000000000000000000e+00 -2.181983199822188624e+01 4.844817781729133799e-01 1.371416175286576009e-05 4.020768817794099709e-06
8.000000000000000000e+00 -2.133535022004897286e+01 4.844817781729133799e-01 3.004054479199166398e-05 6.717051066236228781e-06
8.000000000000000000e+00 -2.085086844187605948e+01 4.844817781729133799e-01 5.028525976050778528e-05 9.420766333993656287e-06
8.000000000000000000e+00 -2.036638666370314610e+01 4.844817781729133799e-01 9.142774501910507401e-05 1.442273681580410302e-05
8.000000000000000000e+00 -1.988190488553023272e+01 4.844817781729133799e-01 1.528149452462184603e-04 2.100319776939832633e-05
8.000000000000000000e+00 -1.939742310735731579e+01 4.844817781729133799e-01 3.056298904924369206e-04 3.657984064943670263e-05
8.000000000000000000e+00 -1.891294132918440241e+01 4.844817781729133799e-01 5.061178742129030699e-04 5.449310908070837534e-05
8.000000000000000000e+00 -1.842845955101148903e+01 4.844817781729133799e-01 8.332985903169861600e-04 8.149042057636409376e-05
8.000000000000000000e+00 -1.794397777283857565e+01 4.844817781729133799e-01 1.261702881263649908e-03 1.133372209068522752e-04
9.000000000000000000e+00 -2.324711685042824172e+01 5.019220997145055208e-01 6.961271405067894229e-07 7.386673316065933170e-07
9.000000000000000000e+00 -2.274519475071373975e+01 5.019220997145055208e-01 6.961271405067894229e-07 7.252560080730293232e-07
9.000000000000000000e+00 -2.224327265099923778e+01 5.019220997145055208e-01 1.392254281013578846e-06 1.041027926131963649e-06
9.000000000000000000e+00 -2.174135055128473226e+01 5.019220997145055208e-01 4.176762843040735902e-06 1.913338116650283870e-06
9.000000000000000000e+00 -2.123942845157022674e+01 5.019220997145055208e-01 5.569017124054315383e-06 2.208928300788067061e-06
9.000000000000000000e+00 -2.073750635185572477e+01 5.019220997145055208e-01 2.018768707469689231e-05 4.958919438648333064e-06
9.000000000000000000e+00 -2.023558425214122281e+01 5.019220997145055208e-01 4.455213699243452307e-05 8.512285940005328725e-06
9.000000000000000000e+00 -1.973366215242671728e+01 5.019220997145055208e-01 6.682820548865177443e-05 1.111366452305895026e-05
9.000000000000000000e+00 -1.923174005271221176e+01 5.019220997145055208e-01 1.329602838367967591e-04 1.860857055952089609e-05
9.000000000000000000e+00 -1.872981795299770980e+01 5.019220997145055208e-01 2.318103377887608752e-04 2.852966873632799220e-05
9.000000000000000000e+00 -1.822789585328320783e+01 5.019220997145055208e-01 4.295104456926890531e-04 4.697916760362649206e-05
1.000000000000000000e+01 -2.219797208045184789e+01 5.148651198709011112e-01 7.453825453911151229e-07 7.699585977304153436e-07
1.000000000000000000e+01 -2.116824184071004566e+01 5.148651198709011112e-01 2.981530181564460492e-06 1.599801664083212113e-06
1.000000000000000000e+01 -2.065337672083914100e+01 5.148651198709011112e-01 4.472295272346690737e-06 1.984549855170952765e-06
1.000000000000000000e+01 -2.013851160096824344e+01 5.148651198709011112e-01 1.267150327164895540e-05 3.660313241835766551e-06
1.000000000000000000e+01 -1.962364648109733878e+01 5.148651198709011112e-01 3.577836217877352590e-05 7.246840209531244953e-06
1.000000000000000000e+01 -1.910878136122644122e+01 5.148651198709011112e-01 4.546833526885801742e-05 8.296375608194678157e-06
1.000000000000000000e+01 -1.859391624135553656e+01 5.148651198709011112e-01 9.764511344623607941e-05 1.443896150977304735e-05
1.000000000000000000e+01 -1.807905112148463900e+01 5.148651198709011112e-01 2.087071127095122209e-04 2.618215429094976853e-05
1.000000000000000000e+01 -1.756418600161374144e+01 5.148651198709011112e-01 3.533113265153885445e-04 3.955527349141681328e-05
