# From https://arxiv.org/abs/1904.07238
# z , MUV , MUV bin width , Phi_UV [Mpc^-3 mag^-1] , sigma_Phi_UV  [Mpc^-3 mag^-1]
4.000000000000000000e+00 -2.347826086956521863e+01 3.478260869565197311e-01 1.037317829827188196e-07 1.041023336262173259e-07
4.000000000000000000e+00 -2.313043478260869534e+01 3.478260869565197311e-01 3.111953489481564456e-07 1.815873508622643425e-07
4.000000000000000000e+00 -2.278260869565217206e+01 3.478260869565197311e-01 1.452244961758063766e-06 4.071099606719418248e-07
4.000000000000000000e+00 -2.243478260869565233e+01 3.478260869565197311e-01 5.273796146865491077e-06 1.001289332173097218e-06
4.000000000000000000e+00 -2.208695652173913260e+01 3.478260869565197311e-01 1.974146635098683565e-05 3.345742932311350560e-06
4.000000000000000000e+00 -2.173913043478260931e+01 3.478260869565197311e-01 5.987861820491784489e-05 9.241353470793779276e-06
4.000000000000000000e+00 -2.139130434782608603e+01 3.478260869565197311e-01 1.567993774895553216e-04 2.322312040491838399e-05
4.000000000000000000e+00 -2.104347826086956630e+01 3.478260869565197311e-01 4.380344259779212455e-04 7.952049973700009715e-05
4.000000000000000000e+00 -2.069565217391304301e+01 3.478260869565197311e-01 8.106566243421771184e-04 1.420552907685888747e-04
4.000000000000000000e+00 -2.034782608695652328e+01 3.478260869565197311e-01 9.498260232183894196e-04 1.654329838173983680e-04
4.000000000000000000e+00 -2.000000000000000000e+01 3.478260869565197311e-01 1.254337047150245847e-03 2.120307679673868551e-04
4.000000000000000000e+00 -1.965217391304347672e+01 3.478260869565197311e-01 1.635636604155318863e-03 2.677565921989746075e-04
4.000000000000000000e+00 -1.930434782608695699e+01 3.478260869565197311e-01 2.169413702893828021e-03 3.453098390857811868e-04
4.000000000000000000e+00 -1.895652173913043370e+01 3.478260869565197311e-01 4.460495096209099800e-03 1.062145949931372294e-03
4.000000000000000000e+00 -1.860869565217391397e+01 3.478260869565197311e-01 6.607368904197591548e-03 1.456753493173703565e-03
4.000000000000000000e+00 -1.826086956521739069e+01 3.478260869565197311e-01 1.096364682526161996e-02 2.246375538694490165e-03
4.000000000000000000e+00 -1.791304347826087096e+01 3.478260869565197311e-01 1.598691466725411098e-02 3.197382933450822196e-03
4.000000000000000000e+00 -1.756521739130434767e+01 3.478260869565197311e-01 1.509064696100648716e-02 3.018129392201297518e-03
4.000000000000000000e+00 -1.721739130434782794e+01 3.478260869565197311e-01 1.877993496114205296e-02 3.755986992228411200e-03
4.000000000000000000e+00 -1.686956521739130466e+01 3.478260869565197311e-01 2.386573310822158803e-02 4.773146621644318299e-03
4.000000000000000000e+00 -1.652173913043478137e+01 3.478260869565197311e-01 2.936839995588140864e-02 5.873679991176283116e-03
4.000000000000000000e+00 -1.617391304347826164e+01 3.478260869565197311e-01 3.537130924423758510e-02 7.074261848847518408e-03
5.000000000000000000e+00 -2.313043478260869534e+01 3.478260869565197311e-01 5.186589149135941112e-07 2.368190073973628194e-07
5.000000000000000000e+00 -2.278260869565217206e+01 3.478260869565197311e-01 2.052802989323434239e-06 4.814900759667269212e-07
5.000000000000000000e+00 -2.243478260869565233e+01 3.478260869565197311e-01 6.414504422318767621e-06 1.186191261323177511e-06
5.000000000000000000e+00 -2.208695652173913260e+01 3.478260869565197311e-01 2.433789686958324987e-05 4.150668293056736799e-06
5.000000000000000000e+00 -2.173913043478260931e+01 3.478260869565197311e-01 5.452283371257769117e-05 8.556633056472717235e-06
5.000000000000000000e+00 -2.139130434782608603e+01 3.478260869565197311e-01 1.532669223416340779e-04 3.498240423945208401e-05
5.000000000000000000e+00 -2.104347826086956630e+01 3.478260869565197311e-01 2.679140425618441418e-04 5.334198108389420876e-05
5.000000000000000000e+00 -2.069565217391304301e+01 3.478260869565197311e-01 4.146699757226427071e-04 7.451955952465285640e-05
5.000000000000000000e+00 -2.034782608695652328e+01 3.478260869565197311e-01 4.974067742682996901e-04 8.921737785670516335e-05
5.000000000000000000e+00 -2.000000000000000000e+01 3.478260869565197311e-01 7.679060757601077715e-04 1.325323459000524813e-04
5.000000000000000000e+00 -1.965217391304347672e+01 3.478260869565197311e-01 1.159734224886627921e-03 1.954372826551377862e-04
5.000000000000000000e+00 -1.930434782608695699e+01 3.478260869565197311e-01 2.063500067872434032e-03 5.650114150291654690e-04
5.000000000000000000e+00 -1.895652173913043370e+01 3.478260869565197311e-01 4.460495096209099800e-03 1.104947622240089319e-03
5.000000000000000000e+00 -1.860869565217391397e+01 3.478260869565197311e-01 6.732429514371677907e-03 1.544094490933493923e-03
5.000000000000000000e+00 -1.826086956521739069e+01 3.478260869565197311e-01 6.586525469168577444e-03 1.424940662106550550e-03
5.000000000000000000e+00 -1.791304347826087096e+01 3.478260869565197311e-01 8.191469966402693814e-03 1.666575436014628266e-03
5.000000000000000000e+00 -1.756521739130434767e+01 3.478260869565197311e-01 1.117208117555176447e-02 2.234416235110352981e-03
5.000000000000000000e+00 -1.721739130434782794e+01 3.478260869565197311e-01 1.569510657684790658e-02 3.139021315369581663e-03
5.000000000000000000e+00 -1.686956521739130466e+01 3.478260869565197311e-01 1.913427335663529794e-02 3.826854671327059674e-03
5.000000000000000000e+00 -1.652173913043478137e+01 3.478260869565197311e-01 2.361561188787341184e-02 4.723122377574683062e-03
5.000000000000000000e+00 -1.617391304347826164e+01 3.478260869565197311e-01 2.951430400108451257e-02 5.902860800216902515e-03
6.000000000000000000e+00 -2.243478260869565233e+01 3.478260869565197311e-01 7.261224808790317769e-07 2.829495204282356995e-07
6.000000000000000000e+00 -2.208695652173913260e+01 3.478260869565197311e-01 5.317116918177229838e-06 9.747308191251760643e-07
6.000000000000000000e+00 -2.173913043478260931e+01 3.478260869565197311e-01 1.605517976388419609e-05 2.904208691702352467e-06
6.000000000000000000e+00 -2.139130434782608603e+01 3.478260869565197311e-01 4.363435596174918116e-05 7.001283090447721772e-06
6.000000000000000000e+00 -2.104347826086956630e+01 3.478260869565197311e-01 7.927012254740429045e-05 1.204258858148015215e-05
6.000000000000000000e+00 -2.069565217391304301e+01 3.478260869565197311e-01 1.698549485633553760e-04 3.447171620890405536e-05
6.000000000000000000e+00 -2.034782608695652328e+01 3.478260869565197311e-01 3.337015915457057524e-04 6.107813545567543096e-05
6.000000000000000000e+00 -2.000000000000000000e+01 3.478260869565197311e-01 6.878333559574780105e-04 2.513527178675067464e-04
6.000000000000000000e+00 -1.965217391304347672e+01 3.478260869565197311e-01 1.584101062205100965e-03 5.031667924823126151e-04
6.000000000000000000e+00 -1.930434782608695699e+01 3.478260869565197311e-01 1.396510146943970559e-03 4.234250618335221950e-04
6.000000000000000000e+00 -1.895652173913043370e+01 3.478260869565197311e-01 2.563742508568781636e-03 7.055188405456458119e-04
6.000000000000000000e+00 -1.860869565217391397e+01 3.478260869565197311e-01 3.480853649845419128e-03 8.920125643758463740e-04
6.000000000000000000e+00 -1.826086956521739069e+01 3.478260869565197311e-01 4.356277921064027545e-03 1.048778310958091951e-03
6.000000000000000000e+00 -1.791304347826087096e+01 3.478260869565197311e-01 6.628212339226606520e-03 1.489423087346401732e-03
6.000000000000000000e+00 -1.756521739130434767e+01 3.478260869565197311e-01 7.753757830793388088e-03 1.648592094967859037e-03
6.000000000000000000e+00 -1.721739130434782794e+01 3.478260869565197311e-01 1.071352560491344551e-02 2.153411591954728765e-03
6.000000000000000000e+00 -1.686956521739130466e+01 3.478260869565197311e-01 1.419437925475886680e-02 2.838875850951773274e-03
6.000000000000000000e+00 -1.652173913043478137e+01 3.478260869565197311e-01 1.771691977466231457e-02 3.543383954932463175e-03
6.000000000000000000e+00 -1.617391304347826164e+01 3.478260869565197311e-01 1.848812687073584857e-02 3.697625374147169800e-03
7.000000000000000000e+00 -2.278260869565217206e+01 3.478260869565197311e-01 3.111953489481564985e-07 1.829006375038804561e-07
7.000000000000000000e+00 -2.243478260869565233e+01 3.478260869565197311e-01 1.579281580309253163e-06 4.214562865366430084e-07
7.000000000000000000e+00 -2.208695652173913260e+01 3.478260869565197311e-01 5.481871960584088418e-06 1.015043585730858405e-06
7.000000000000000000e+00 -2.173913043478260931e+01 3.478260869565197311e-01 1.044219718816768978e-05 1.909164635465940128e-06
7.000000000000000000e+00 -2.139130434782608603e+01 3.478260869565197311e-01 4.042987684088486869e-05 1.262342709367833114e-05
7.000000000000000000e+00 -2.104347826086956630e+01 3.478260869565197311e-01 5.377554758809732218e-05 1.466082982926434372e-05
7.000000000000000000e+00 -2.069565217391304301e+01 3.478260869565197311e-01 1.009148577190216651e-04 2.314682587651403241e-05
7.000000000000000000e+00 -2.034782608695652328e+01 3.478260869565197311e-01 1.882057229011007608e-04 3.685036663848965694e-05
7.000000000000000000e+00 -2.000000000000000000e+01 3.478260869565197311e-01 4.377121356093042624e-04 1.756234718388394796e-04
7.000000000000000000e+00 -1.965217391304347672e+01 3.478260869565197311e-01 4.793990056673332295e-04 1.812981008722474696e-04
7.000000000000000000e+00 -1.930434782608695699e+01 3.478260869565197311e-01 7.503636610445215153e-04 2.547652243014237932e-04
7.000000000000000000e+00 -1.895652173913043370e+01 3.478260869565197311e-01 1.271449536769883549e-03 3.886877644408748863e-04
7.000000000000000000e+00 -1.860869565217391397e+01 3.478260869565197311e-01 1.667474802321158682e-03 4.751466742748742373e-04
7.000000000000000000e+00 -1.826086956521739069e+01 3.478260869565197311e-01 2.897237469033013373e-03 7.580055551666201041e-04
7.000000000000000000e+00 -1.791304347826087096e+01 3.478260869565197311e-01 3.605914260019505921e-03 8.875469701418906661e-04
7.000000000000000000e+00 -1.756521739130434767e+01 3.478260869565197311e-01 4.981580971934461075e-03 1.154291009567526890e-03
7.000000000000000000e+00 -1.721739130434782794e+01 3.478260869565197311e-01 6.815803254487736058e-03 1.490003090480275776e-03
7.000000000000000000e+00 -1.686956521739130466e+01 3.478260869565197311e-01 9.129424542708344109e-03 1.889704105215172592e-03
7.000000000000000000e+00 -1.652173913043478137e+01 3.478260869565197311e-01 1.046340438456527452e-02 2.092680876913054731e-03
8.000000000000000000e+00 -2.278260869565217206e+01 3.478260869565197311e-01 1.037317829827188328e-07 1.043792070553080562e-07
8.000000000000000000e+00 -2.243478260869565233e+01 3.478260869565197311e-01 9.722949628235484624e-07 3.211179157882550149e-07
8.000000000000000000e+00 -2.208695652173913260e+01 3.478260869565197311e-01 4.236621164415981615e-06 3.279207837338802838e-06
8.000000000000000000e+00 -2.173913043478260931e+01 3.478260869565197311e-01 6.354931746623972422e-06 4.080233124194735209e-06
8.000000000000000000e+00 -2.139130434782608603e+01 3.478260869565197311e-01 1.135001908513627601e-05 5.287607496882076474e-06
8.000000000000000000e+00 -2.104347826086956630e+01 3.478260869565197311e-01 2.882372476683096060e-05 9.497577263548046119e-06
8.000000000000000000e+00 -2.069565217391304301e+01 3.478260869565197311e-01 4.431764864456828342e-05 1.227714844160373842e-05
8.000000000000000000e+00 -2.034782608695652328e+01 3.478260869565197311e-01 7.585515836020005967e-05 1.810597566655085388e-05
8.000000000000000000e+00 -2.000000000000000000e+01 3.478260869565197311e-01 1.042171751450724312e-04 5.973401291697501286e-05
8.000000000000000000e+00 -1.965217391304347672e+01 3.478260869565197311e-01 2.918080904062028236e-04 1.253277569528416088e-04
8.000000000000000000e+00 -1.930434782608695699e+01 3.478260869565197311e-01 3.334949604642317906e-04 1.341674058646970529e-04
8.000000000000000000e+00 -1.895652173913043370e+01 3.478260869565197311e-01 4.793990056673331753e-04 1.738893932236258493e-04
8.000000000000000000e+00 -1.860869565217391397e+01 3.478260869565197311e-01 9.379545763056519212e-04 2.976114236358246424e-04
8.000000000000000000e+00 -1.826086956521739069e+01 3.478260869565197311e-01 1.229762666711854691e-03 3.623183079320445375e-04
8.000000000000000000e+00 -1.791304347826087096e+01 3.478260869565197311e-01 1.917596022669332701e-03 5.210090227475463716e-04
8.000000000000000000e+00 -1.756521739130434767e+01 3.478260869565197311e-01 2.542899073539767098e-03 6.489460565180289351e-04
8.000000000000000000e+00 -1.721739130434782794e+01 3.478260869565197311e-01 4.085313265686838988e-03 9.718036410288580663e-04
8.000000000000000000e+00 -1.686956521739130466e+01 3.478260869565197311e-01 4.898207231818403791e-03 1.107553534947625529e-03
8.000000000000000000e+00 -1.652173913043478137e+01 3.478260869565197311e-01 5.294232497369679574e-03 1.143119910308888114e-03
9.000000000000000000e+00 -2.313043478260869534e+01 3.478260869565197311e-01 2.074635659654376127e-07 1.492027195832715486e-07
9.000000000000000000e+00 -2.243478260869565233e+01 3.478260869565197311e-01 2.118310582207990807e-06 2.251755430517632085e-06
9.000000000000000000e+00 -2.208695652173913260e+01 3.478260869565197311e-01 4.236621164415981615e-06 3.289978437384250009e-06
9.000000000000000000e+00 -2.139130434782608603e+01 3.478260869565197311e-01 6.354931746623972422e-06 4.013269681203706974e-06
9.000000000000000000e+00 -2.104347826086956630e+01 3.478260869565197311e-01 4.236621164415980768e-06 3.159130226941716956e-06
9.000000000000000000e+00 -2.069565217391304301e+01 3.478260869565197311e-01 9.285019380237376362e-06 4.533995017799358702e-06
9.000000000000000000e+00 -2.034782608695652328e+01 3.478260869565197311e-01 6.253030508704347768e-05 4.406635060866032403e-05
9.000000000000000000e+00 -2.000000000000000000e+01 3.478260869565197311e-01 6.253030508704346413e-05 4.318207879852441487e-05
9.000000000000000000e+00 -1.965217391304347672e+01 3.478260869565197311e-01 2.084343502901448691e-05 2.211996312111725511e-05
9.000000000000000000e+00 -1.930434782608695699e+01 3.478260869565197311e-01 1.875909152611303788e-04 8.845331607758698408e-05
9.000000000000000000e+00 -1.895652173913043370e+01 3.478260869565197311e-01 2.709646553771883400e-04 1.136425367066068584e-04
9.000000000000000000e+00 -1.860869565217391397e+01 3.478260869565197311e-01 3.126515254352173071e-04 1.229708794967495679e-04
9.000000000000000000e+00 -1.826086956521739069e+01 3.478260869565197311e-01 5.627727457833911094e-04 1.914861843913757196e-04
9.000000000000000000e+00 -1.791304347826087096e+01 3.478260869565197311e-01 8.545808361895938787e-04 2.640444641261057747e-04
9.000000000000000000e+00 -1.756521739130434767e+01 3.478260869565197311e-01 1.542414192147071889e-03 4.298728097518951822e-04
9.000000000000000000e+00 -1.721739130434782794e+01 3.478260869565197311e-01 1.521570757118057785e-03 4.077918639562268851e-04
9.000000000000000000e+00 -1.686956521739130466e+01 3.478260869565197311e-01 2.313621288220608051e-03 5.760919284542087354e-04
1.000000000000000000e+01 -1.965217391304347672e+01 3.478260869565197311e-01 8.337374011605794765e-05 5.196387726639035357e-05
1.000000000000000000e+01 -1.930434782608695699e+01 3.478260869565197311e-01 2.084343502901448691e-05 2.208460097065383679e-05
1.000000000000000000e+01 -1.895652173913043370e+01 3.478260869565197311e-01 8.337374011605794765e-05 4.997993144884989124e-05
1.000000000000000000e+01 -1.860869565217391397e+01 3.478260869565197311e-01 1.250606101740869283e-04 6.428139166593414497e-05
1.000000000000000000e+01 -1.826086956521739069e+01 3.478260869565197311e-01 2.292777853191593459e-04 9.685891557185501209e-05
1.000000000000000000e+01 -1.791304347826087096e+01 3.478260869565197311e-01 2.918080904062028236e-04 1.131000356244860251e-04
1.000000000000000000e+01 -1.756521739130434767e+01 3.478260869565197311e-01 5.627727457833911094e-04 1.848599056075610008e-04
1.000000000000000000e+01 -1.721739130434782794e+01 3.478260869565197311e-01 8.337374011605795578e-04 2.495893417782425196e-04
1.000000000000000000e+01 -1.686956521739130466e+01 3.478260869565197311e-01 9.379545763056519212e-04 2.672332212389614170e-04
