# From https://arxiv.org/abs/2102.07775
# z , MUV , MUV bin width , Phi_UV [Mpc^-3 mag^-1] , sigma_Phi_UV  [Mpc^-3 mag^-1]
4    -22.69  0.5    0.000005   0.000004
4    -22.19  0.5    0.000015   0.000009
4    -21.69  0.5    0.000144   0.000022
4    -21.19  0.5    0.000344   0.000038
4    -20.69  0.5    0.000698   0.000068
4    -20.19  0.5    0.001624   0.000131
4    -19.69  0.5    0.002276   0.000199
4    -19.19  0.5    0.003056   0.000388
4    -18.69  0.5    0.004371   0.000689
4    -17.94  0.5    0.010160   0.000920
4    -16.94  0.5    0.027420   0.003440
4    -15.94  0.5    0.028820   0.008740
5    -23.11  0.5    0.000001   0.000001
5    -22.61  0.5    0.000004   0.000002
5    -22.11  0.5    0.000028   0.000007
5    -21.61  0.5    0.000092   0.000013
5    -21.11  0.5    0.000262   0.000024
5    -20.61  0.5    0.000584   0.000044
5    -20.11  0.5    0.000879   0.000067
5    -19.61  0.5    0.001594   0.000156
5    -19.11  0.5    0.002159   0.000346
5    -18.36  0.5    0.004620   0.000520
5    -17.36  0.5    0.008780   0.001540
5    -16.36  0.5    0.025120   0.007340
6    -22.52  0.5    0.000002   0.000002
6    -22.02  0.5    0.000014   0.000005
6    -21.52  0.5    0.000051   0.000011
6    -21.02  0.5    0.000169   0.000024
6    -20.52  0.5    0.000317   0.000041
6    -20.02  0.5    0.000724   0.000087
6    -19.52  0.5    0.001147   0.000157
6    -18.77  0.5    0.002820   0.000440
6    -17.77  0.5    0.008360   0.001660
6    -16.77  0.5    0.017100   0.005260
7    -22.19  0.5    0.000001   0.000002
7    -21.69  0.5    0.000041   0.000011
7    -21.19  0.5    0.000047   0.000015
7    -20.69  0.5    0.000198   0.000036
7    -20.19  0.5    0.000283   0.000066
7    -19.69  0.5    0.000589   0.000126
7    -19.19  0.5    0.001172   0.000336
7    -18.69  0.5    0.001433   0.000419
7    -17.94  0.5    0.005760   0.001440
7    -16.94  0.5    0.008320   0.002900
8    -21.85  0.5    0.000003   0.000002
8    -21.35  0.5    0.000012   0.000004
8    -20.85  0.5    0.000041   0.000011
8    -20.10  0.5    0.000120   0.000040
8    -19.35  0.5    0.000657   0.000233
8    -18.60  0.5    0.001100   0.000340
8    -17.60  0.5    0.003020   0.001140
9    -21.92  0.8    0.000001   0.000001
9    -21.12  0.8    0.000007   0.000003
9    -20.32  0.8    0.000026   0.000009
9    -19.12  0.8    0.000187   0.000150
9    -17.92  0.8    0.000923   0.000501
10   -21.25  0.8    0.000001   0.000001
10   -20.25  0.8    0.000010   0.000005
10   -19.25  0.8    0.000034   0.000022
10   -18.25  0.8    0.000190   0.000120
10   -17.25  0.8    0.000630   0.000520